7289 155 303
854
810
830
167
511
978
760
420
404
966
573
206
68
363
926
397
572
599
294
524
547
52
304
892
328
96
52
654
122
782
587
29
550
63
342
269
594
906
736
235
144
63
749
845
679
102
84
898
36
266
338
440
295
487
856
655
372
414
895
718
206
389
885
293
166
281
601
336
594
693
373
799
40
576
359
99
430
273
178
542
710
558
613
581
306
406
318
17
408
290
119
913
367
543
543
993
731
626
503
207
610
634
769
234
446
375
813
896
130
692
802
459
244
442
59
57
924
863
928
336
622
217
172
982
910
181
770
139
602
213
351
595
862
921
747
419
150
917
137
536
445
392
586
428
264
729
804
953
921
791
782
378
302
321
165
883
618
111
292
139
75
327
669
930
35
845
530
180
956
368
459
700
336
530
145
33
310
241
75
757
974
878
382
368
679
174
404
424
230
310
784
898
599
322
896
35
530
461
715
644
531
707
737
437
986
386
994
796
794
740
321
491
953
192
820
128
765
525
146
189
456
83
464
795
441
890
582
930
28
378
32
696
845
487
960
654
690
901
435
789
18
286
444
250
786
672
880
914
108
180
31
982
65
391
445
627
509
75
819
959
803
22
34
357
349
198
248
467
568
73
544
20
597
515
767
845
802
842
697
295
574
855
252
918
702
870
759
230
701
435
886
700
971
84
527
836
954
475
106
620
988
678
963
748
531
867
527
151
440
150
10
42
429
249
911
548
557
287
500
223
426
161
82
652
761
1000
204
601
466
477
75
84
125
509
508
115
465
377
506
617
432
801
105
579
372
989
698
696
352
724
274
352
27
765
358
644
990
189
904
602
215
1
638
18
910
22
722
409
724
687
398
319
309
360
365
433
394
641
837
722
434
729
466
366
350
629
744
811
856
764
493
865
896
565
989
684
966
652
252
907
11
291
883
842
461
633
893
415
538
764
806
650
509
579
209
723
129
52
733
311
13
108
563
376
537
866
158
146
350
134
611
303
84
672
185
271
998
73
202
85
532
477
334
70
721
319
948
146
696
145
625
985
948
25
735
639
760
275
535
668
396
155
836
269
129
16
679
742
416
123
215
685
798
915
412
664
193
267
899
948
773
486
717
359
345
76
601
261
871
681
93
866
888
139
330
653
811
832
98
48
284
583
40
899
888
400
678
180
391
509
676
974
724
664
683
107
3
851
834
800
607
873
712
878
158
272
373
186
306
412
533
360
717
994
403
688
721
879
633
611
424
304
204
580
831
146
716
309
54
820
542
978
707
369
426
884
321
775
534
365
796
610
527
913
194
575
950
559
581
888
35
722
312
487
757
940
561
589
378
120
59
802
635
155
266
595
27
270
359
678
44
761
884
464
72
716
351
602
126
8
313
490
695
634
343
255
129
488
642
805
437
651
903
579
377
661
562
725
188
353
358
934
794
927
397
852
138
279
684
165
86
363
557
470
32
853
324
701
659
805
344
817
703
404
264
495
942
17
614
691
522
630
685
327
476
351
958
607
736
110
137
591
417
35
768
676
151
191
429
863
418
594
904
367
192
720
923
403
330
523
38
622
319
399
439
869
387
586
660
509
485
372
340
230
41
106
623
249
287
951
483
189
415
88
522
519
445
199
672
924
556
532
978
349
221
205
40
529
204
986
11
200
224
828
609
406
746
797
450
539
479
229
166
551
746
621
906
2
418
601
355
982
594
954
248
489
641
324
849
990
120
386
988
259
132
527
209
779
539
281
593
820
788
58
183
718
105
514
825
914
144
477
40
252
905
887
512
33
674
731
58
545
836
490
101
403
820
47
385
304
218
70
873
926
759
867
661
979
894
37
749
887
249
679
230
562
472
98
487
835
684
513
536
274
546
583
153
842
324
61
209
599
590
597
207
157
732
856
540
35
745
300
833
67
97
695
91
292
471
342
488
311
694
978
404
540
385
805
525
856
272
190
219
498
406
233
499
467
957
58
694
344
331
449
297
333
959
980
120
310
935
65
383
978
456
627
656
452
532
763
994
685
15
653
840
375
262
733
190
682
802
148
70
427
333
679
927
555
289
658
219
104
752
537
126
998
241
879
932
211
854
849
258
190
260
365
960
530
938
862
585
116
520
859
519
377
419
164
221
285
820
710
215
798
45
197
565
950
861
463
204
396
402
832
889
1000
734
469
821
883
691
489
531
6
204
862
299
134
833
20
649
945
302
575
855
122
312
182
699
468
840
150
689
755
860
225
972
996
58
574
398
458
591
746
279
128
889
204
729
341
532
681
989
743
737
977
211
546
435
513
172
922
990
813
623
520
304
256
254
922
217
920
300
358
470
847
698
537
672
972
447
100
515
165
718
748
546
237
571
214
345
817
719
620
733
603
35
122
523
827
130
794
90
1000
878
151
976
757
289
814
56
952
471
288
138
276
24
162
753
583
787
210
657
805
482
665
801
145
812
225
496
231
456
874
541
466
29
954
297
574
462
330
625
540
64
54
265
439
887
998
853
106
777
848
575
531
128
509
181
68
630
52
731
992
834
290
889
609
87
595
793
963
985
346
763
273
588
788
73
492
536
308
731
570
338
643
472
756
161
257
456
285
263
11
536
170
369
244
192
747
48
618
531
800
707
235
963
852
223
252
351
910
407
193
593
487
42
584
278
193
458
246
235
858
443
970
916
89
116
875
987
351
319
204
37
856
573
38
184
773
461
431
622
806
513
795
151
500
937
74
82
436
496
811
628
187
222
325
291
622
45
170
338
724
396
111
832
955
690
323
554
637
782
938
115
665
550
769
832
734
199
913
881
408
490
757
335
552
750
513
364
927
724
673
930
61
388
892
757
266
446
875
440
840
50
625
141
339
500
941
529
364
506
583
177
393
105
506
853
407
471
38
978
655
217
61
193
456
363
243
852
827
100
702
283
317
562
255
717
108
929
374
491
381
397
581
763
182
819
210
329
776
335
471
867
119
884
186
311
512
368
900
48
210
920
208
851
455
452
202
132
779
211
399
991
938
240
287
661
313
78
847
349
720
283
79
221
218
671
786
795
626
852
150
86
393
251
65
960
927
618
685
953
409
877
520
239
356
834
356
53
528
288
770
85
425
2
766
798
830
501
449
275
27
354
551
303
311
454
651
638
538
44
609
546
954
916
480
100
194
352
533
169
943
178
666
568
277
830
90
605
742
706
658
898
942
97
120
821
381
34
816
403
96
507
928
639
174
928
909
246
527
460
524
821
833
976
372
84
757
847
929
761
102
360
535
278
951
330
966
386
879
542
606
634
891
419
419
400
951
676
356
998
981
901
425
840
518
716
582
607
890
161
285
594
350
198
495
809
746
788
796
940
319
523
471
293
486
280
579
97
564
658
998
914
266
375
354
282
232
26
260
988
866
565
352
787
223
188
428
989
560
584
820
762
895
206
668
66
143
606
804
654
409
778
113
791
119
381
268
996
620
788
524
463
403
269
21
276
914
621
994
696
115
124
409
869
617
839
402
564
597
813
624
687
479
92
169
659
79
284
850
442
120
526
865
292
769
29
374
916
69
885
110
878
379
229
751
884
111
268
784
867
917
600
214
45
926
680
811
895
54
425
638
775
103
255
411
720
762
988
695
262
88
75
32
928
258
296
248
29
54
166
480
257
912
166
26
148
21
59
282
880
610
214
507
32
106
880
487
718
590
877
298
582
132
190
291
779
773
120
214
886
305
965
685
144
688
568
944
111
204
498
982
261
161
108
713
938
639
622
515
680
62
421
940
714
554
139
400
851
710
585
972
343
671
812
653
553
196
207
748
888
934
842
31
199
145
512
955
322
914
810
463
261
154
368
343
142
350
478
896
680
308
914
699
227
7
443
568
367
829
69
329
481
694
509
788
967
821
133
857
925
464
534
487
680
757
134
371
502
403
499
543
126
717
360
517
359
231
383
913
91
72
975
482
146
846
153
728
823
540
3
392
265
335
726
843
580
684
44
470
381
779
43
539
268
751
491
644
799
435
695
941
767
892
986
803
507
545
471
107
50
958
609
973
819
85
817
380
434
727
382
198
57
816
599
21
22
163
266
714
163
397
583
419
912
96
435
364
186
619
353
666
122
686
978
275
465
169
921
166
58
934
343
57
498
359
440
425
406
763
610
473
834
380
566
947
594
663
362
753
947
431
217
340
422
506
259
182
691
702
999
287
232
146
246
155
201
60
297
620
818
378
37
112
666
430
891
722
270
279
294
621
201
406
901
383
261
278
468
712
655
184
390
323
239
633
860
382
378
433
904
316
409
864
985
799
729
552
388
12
865
83
867
195
757
152
786
919
37
283
275
549
644
615
332
973
921
629
817
754
48
710
540
150
740
949
109
147
454
987
93
83
535
120
382
360
470
205
318
941
506
997
924
824
510
497
241
944
274
512
735
271
504
914
4
355
463
289
872
90
419
944
443
853
319
496
609
522
543
15
742
415
85
384
445
571
912
599
973
44
310
244
479
269
42
256
397
341
713
749
596
118
105
384
310
540
712
633
271
786
547
223
160
308
391
970
971
415
903
944
167
404
291
983
743
317
626
618
76
391
815
406
200
247
519
645
26
924
61
436
806
923
783
865
367
136
72
822
561
909
772
59
184
500
449
836
154
681
927
771
306
124
849
806
730
807
801
538
651
795
311
777
243
252
94
403
894
544
214
54
281
670
627
326
332
852
436
656
330
650
260
453
467
964
459
474
68
335
94
93
282
353
426
228
244
994
78
77
419
452
31
741
529
441
528
185
318
381
189
962
930
209
944
981
891
683
515
376
318
524
324
832
710
66
997
942
85
759
966
790
679
601
107
319
612
426
210
680
133
292
1
629
820
934
772
797
435
536
166
844
266
5
822
630
649
791
364
775
670
908
81
616
561
109
507
10
948
194
553
780
510
348
353
606
10
454
79
854
865
137
224
649
788
781
231
186
392
579
611
482
505
333
242
228
590
219
213
568
254
737
141
601
497
98
983
332
788
166
569
383
135
812
991
581
190
208
419
232
405
833
668
593
336
130
737
427
503
744
35
933
674
273
376
400
722
87
75
65
573
8
712
186
95
869
595
702
525
659
156
908
360
239
476
819
318
861
863
799
927
312
115
451
818
268
123
679
114
957
533
519
501
13
829
797
30
317
694
225
40
36
432
997
79
917
378
424
410
383
273
508
722
944
310
908
841
648
12
296
131
231
442
544
547
992
462
220
852
185
356
474
228
964
461
368
510
863
445
499
106
49
501
275
810
917
312
127
826
816
1
444
38
383
190
330
100
640
963
696
84
102
448
158
59
365
784
720
950
288
997
362
184
367
843
896
997
420
359
915
337
871
507
78
736
735
747
491
962
778
669
157
360
929
253
79
526
565
718
670
460
365
99
33
781
33
575
44
24
952
738
267
619
435
846
383
578
363
408
228
278
18
58
873
677
904
969
106
524
610
941
148
871
58
118
759
383
713
241
913
539
86
198
78
234
823
150
783
690
968
430
342
470
843
822
620
330
214
988
256
49
335
151
736
422
828
904
934
715
646
684
459
111
619
971
833
462
408
847
893
533
789
670
465
258
528
765
207
458
125
751
365
466
548
533
551
524
110
974
746
298
797
326
988
478
285
254
890
435
629
976
877
564
196
89
283
341
195
776
701
34
139
527
439
547
60
490
419
997
796
871
769
822
616
753
148
376
987
540
342
462
565
52
389
777
415
850
311
887
357
960
89
563
438
695
528
970
872
433
487
725
567
214
235
267
969
594
92
516
843
671
652
319
283
820
199
35
70
230
89
872
379
403
140
182
670
408
755
580
828
108
682
181
697
633
303
920
527
980
845
659
201
932
648
989
329
630
156
924
861
613
734
423
367
297
761
404
791
362
670
652
668
535
24
65
851
472
428
735
37
926
272
985
112
609
93
246
968
627
461
308
687
380
336
462
306
511
240
926
218
1000
175
775
225
147
59
803
323
866
829
618
695
612
221
533
957
335
759
305
728
645
891
83
319
501
160
386
951
212
879
200
342
303
993
188
939
118
639
798
734
847
41
417
853
475
640
918
644
651
631
543
505
707
64
408
779
342
284
590
726
757
728
668
965
740
408
496
445
851
592
404
483
234
896
927
566
480
408
483
360
28
409
320
856
61
295
91
198
532
115
873
177
831
115
526
776
311
470
962
692
840
122
98
295
655
772
867
885
129
436
606
212
392
600
549
87
820
684
124
644
42
663
495
272
898
94
785
449
676
400
826
660
705
651
248
844
589
216
717
649
172
364
214
544
807
414
992
195
730
196
626
625
253
921
527
885
734
139
329
463
460
8
110
748
106
758
215
961
566
268
635
678
68
884
48
366
682
950
754
308
569
494
815
872
445
174
149
544
585
209
284
30
493
969
800
219
184
681
695
850
725
474
986
950
790
474
254
295
294
55
567
4
854
454
611
299
943
246
595
849
264
516
983
560
305
65
461
290
645
563
679
61
54
863
67
921
276
290
311
637
745
990
785
725
164
321
509
998
285
866
92
544
339
301
534
559
444
721
962
467
518
895
578
546
695
647
303
305
334
717
505
250
915
999
845
39
783
342
231
233
897
148
282
40
704
667
40
107
849
543
796
632
135
729
937
669
250
336
918
328
430
834
533
874
680
635
243
755
150
236
481
781
986
338
436
107
14
627
982
411
142
196
133
17
978
78
967
74
728
583
74
137
424
716
506
544
875
140
248
399
511
842
237
529
502
874
438
789
186
351
742
39
307
975
984
293
264
949
368
341
905
24
322
369
96
270
596
643
264
58
654
101
189
863
88
257
636
104
753
699
379
539
841
863
388
981
998
299
361
99
454
933
365
935
457
224
89
166
536
437
558
801
471
906
733
57
540
693
465
639
910
897
454
432
76
20
206
933
576
759
66
418
889
254
610
159
558
362
857
861
7
503
514
662
53
301
576
171
288
696
31
927
323
648
860
237
147
876
888
239
116
899
262
362
691
458
723
996
495
759
985
7
636
137
820
329
110
806
756
643
883
628
833
428
926
490
390
837
742
635
626
827
882
383
828
526
166
241
574
635
345
588
850
50
883
566
561
737
931
655
780
16
73
75
641
754
487
312
532
140
968
872
601
876
789
851
183
851
912
13
852
942
502
321
642
792
547
872
754
340
782
95
457
60
245
576
394
131
987
267
136
33
662
15
626
619
354
559
328
305
201
727
894
323
312
874
777
685
372
283
434
365
326
599
456
851
542
402
964
902
796
868
719
294
577
738
857
487
758
862
197
25
128
777
663
415
756
5
808
430
173
301
829
328
260
442
285
228
962
480
413
478
386
847
42
208
463
540
898
901
484
437
210
621
223
909
665
540
405
957
724
503
492
879
11
355
346
768
571
861
326
464
84
411
95
552
473
890
991
702
864
489
895
444
518
926
581
867
948
265
392
148
566
914
363
998
510
743
382
804
470
180
664
763
644
513
68
818
372
526
384
13
660
723
277
411
783
570
327
567
377
818
342
613
394
503
383
322
974
30
149
830
372
161
893
404
330
645
863
294
178
153
713
108
539
724
507
997
366
957
389
404
863
69
509
206
306
920
186
844
701
615
755
688
778
439
988
327
31
927
309
473
723
178
889
166
534
338
260
39
820
101
825
504
303
754
76
802
440
293
409
50
697
978
515
799
433
224
708
112
980
254
849
792
5
963
806
82
666
919
106
879
386
464
769
774
890
816
682
445
777
766
742
130
427
260
116
102
771
414
211
757
726
990
355
782
187
396
933
858
906
406
140
590
775
216
164
426
619
351
888
96
654
823
677
518
204
182
767
812
609
802
191
991
75
437
589
166
486
320
219
184
240
460
648
859
361
332
393
168
352
187
471
393
996
483
999
309
574
56
77
610
82
294
838
668
405
115
826
114
573
167
133
397
302
978
830
41
593
196
282
552
950
845
242
100
461
767
145
392
492
780
400
687
59
920
201
468
222
338
783
48
164
407
691
443
248
738
584
640
769
941
341
798
117
249
456
25
915
517
433
826
755
237
140
304
350
451
433
342
551
416
150
537
413
6
24
218
704
691
617
832
640
981
654
244
450
995
121
568
525
920
834
459
70
362
18
269
151
738
832
745
377
698
120
271
525
172
346
617
533
73
810
651
695
871
95
969
198
211
631
577
332
854
52
609
626
382
928
823
676
616
593
689
163
144
253
181
292
774
425
753
899
529
216
260
268
736
761
420
106
690
589
327
9
159
116
789
847
236
203
510
814
56
244
270
291
204
77
906
431
763
930
276
293
315
539
83
787
992
77
351
441
173
551
903
878
732
30
73
833
63
593
530
389
188
498
186
234
65
904
948
824
118
649
256
140
557
724
449
730
739
831
714
626
188
324
838
864
501
784
33
786
64
133
121
820
82
869
126
724
635
655
618
738
285
121
878
241
73
856
667
710
919
590
421
343
896
515
841
407
869
713
689
485
691
798
771
354
860
495
247
380
32
538
851
181
646
78
402
346
692
858
90
270
135
819
954
984
79
144
600
355
480
273
831
174
526
17
678
895
729
783
659
924
417
765
522
205
911
178
725
147
722
431
743
619
221
394
816
222
198
198
20
880
598
212
961
745
531
258
132
333
510
352
9
652
313
555
136
93
124
824
481
44
208
575
73
868
520
565
524
515
349
19
416
16
219
129
47
869
372
230
989
353
178
89
490
226
230
45
291
883
619
952
171
792
70
717
538
344
220
410
631
938
336
50
132
919
269
120
397
36
689
116
640
113
55
484
215
276
371
568
237
874
780
95
47
543
974
124
665
312
376
447
796
939
991
237
309
859
705
260
440
978
477
890
495
351
373
487
907
175
879
985
874
317
633
29
87
340
957
400
64
187
199
350
596
912
12
165
570
97
386
320
117
637
952
789
672
778
704
545
685
685
942
810
496
387
325
509
359
582
565
523
75
656
230
51
249
100
338
544
118
306
675
871
295
24
650
831
573
924
116
73
431
84
807
30
906
878
16
65
83
75
935
618
68
848
375
707
752
225
491
980
58
367
362
354
862
823
899
303
636
16
703
576
487
604
554
424
173
841
799
462
983
308
459
86
331
977
714
706
241
958
63
411
424
235
343
112
225
337
230
645
134
706
275
655
6
49
869
88
726
532
224
985
347
358
745
973
812
312
501
30
664
43
317
883
3
671
121
378
356
89
587
599
674
669
913
371
123
677
417
679
152
441
545
570
820
909
173
846
402
302
808
727
167
781
289
212
116
298
372
217
232
378
305
532
94
303
611
240
250
156
632
955
902
765
647
478
37
227
313
37
759
929
976
87
319
62
301
597
490
811
294
855
683
294
558
988
117
724
713
435
589
75
86
46
71
936
289
973
138
178
83
274
955
973
58
73
645
967
201
444
782
85
315
316
706
208
66
639
694
306
27
90
999
942
968
433
751
333
235
800
862
24
844
715
328
795
783
87
263
424
90
407
330
942
917
118
371
363
158
950
632
394
695
761
656
401
1000
937
851
257
279
12
501
76
481
48
867
629
794
496
370
808
503
245
481
506
896
655
537
541
682
753
744
151
13
48
930
885
283
843
405
326
11
620
308
219
180
271
967
589
581
862
622
682
294
225
36
415
164
145
838
187
94
364
741
792
938
827
638
728
233
834
113
561
826
457
124
653
217
504
936
81
150
708
751
846
197
673
533
552
76
326
173
367
635
969
909
964
555
459
818
600
991
435
111
838
812
878
73
284
169
500
79
525
411
381
156
710
527
654
812
186
628
793
410
742
639
853
494
1
754
439
287
636
499
870
382
732
531
523
609
638
245
252
55
355
897
340
443
878
691
154
806
435
313
175
398
159
253
532
55
158
200
942
480
269
972
435
353
528
669
329
706
198
493
93
599
449
532
28
953
523
2
332
252
315
827
597
858
202
348
725
783
259
950
116
930
942
563
639
561
416
846
971
48
823
114
427
109
677
295
19
506
643
346
455
56
738
478
324
514
602
105
908
257
272
134
223
27
396
214
824
606
791
411
934
833
185
631
969
994
823
30
796
922
991
268
812
672
37
852
687
887
918
452
709
865
924
466
579
94
981
478
442
862
795
936
847
78
374
647
414
64
699
619
891
604
344
83
316
36
925
995
633
565
497
564
715
88
656
469
589
58
640
31
772
87
865
551
143
143
568
46
776
339
661
784
317
949
701
706
791
637
800
348
108
829
381
970
782
888
369
941
533
568
967
415
876
325
429
835
159
233
602
854
821
343
442
151
333
198
697
32
448
381
123
719
459
19
411
693
665
789
458
746
233
123
948
735
509
687
614
521
456
562
331
6
5
281
157
559
124
726
518
805
875
812
937
614
516
807
231
184
65
859
665
179
491
972
569
687
970
601
570
901
356
739
365
247
107
315
450
517
399
333
162
692
487
337
129
303
880
418
461
216
584
766
834
545
770
948
791
995
868
14
639
402
472
148
703
118
589
190
688
944
460
838
381
621
699
832
593
164
316
768
314
363
438
948
614
984
998
770
205
711
268
531
186
105
418
602
870
447
168
831
238
302
629
124
496
745
123
47
586
734
937
187
759
371
175
23
260
154
366
274
843
941
70
875
762
149
72
820
525
141
820
687
854
718
960
970
699
340
622
195
569
150
619
23
212
176
701
500
182
282
331
450
169
744
32
953
659
169
765
144
589
658
987
390
492
472
365
661
50
76
267
558
539
998
49
542
621
120
704
908
677
476
946
738
768
427
162
632
287
958
932
926
698
145
714
7
570
252
437
684
41
530
185
535
378
686
856
858
766
666
491
707
458
570
742
273
573
857
639
891
105
293
380
839
234
673
474
247
82
895
599
369
724
418
986
973
18
318
955
224
310
694
105
768
577
986
235
69
537
942
545
354
497
463
214
851
614
388
101
204
724
618
142
140
483
106
976
638
434
34
890
393
916
693
170
178
874
949
59
805
310
714
159
202
867
908
199
471
397
242
328
845
626
869
274
636
729
390
844
62
432
89
344
313
174
918
830
780
363
40
678
519
916
78
329
544
724
570
973
915
43
170
393
742
478
367
256
376
571
647
14
862
280
298
954
469
678
359
950
102
202
327
720
48
295
820
8
113
792
774
827
466
21
815
214
216
423
77
632
2
935
450
702
703
245
190
174
783
486
356
439
435
317
945
130
346
274
846
310
91
636
881
452
694
948
31
745
467
662
909
821
237
555
668
500
480
729
959
209
519
971
104
766
712
499
53
636
471
173
732
58
276
396
191
500
544
982
396
253
370
765
986
13
764
164
90
309
1
523
409
431
703
115
288
118
783
102
649
86
244
528
78
339
479
727
256
706
437
324
744
974
48
543
787
328
154
876
84
800
370
423
921
686
967
646
355
169
822
989
325
172
37
185
303
184
879
446
103
356
204
803
985
79
637
413
496
551
56
1000
973
526
975
140
509
977
277
848
843
746
375
393
878
865
695
176
827
101
940
797
769
208
220
734
143
817
641
184
457
591
237
502
141
467
693
328
622
8
480
109
319
459
770
316
628
868
196
29
142
509
840
112
412
365
716
954
628
358
151
588
673
709
789
360
722
246
113
531
609
79
599
567
548
580
972
48
152
989
834
918
240
56
852
576
311
554
556
806
546
646
907
488
5
664
155
628
767
72
696
587
32
173
882
189
146
119
744
65
166
694
885
694
120
475
486
530
53
673
198
766
174
160
155
653
901
879
164
476
685
759
841
671
800
638
507
424
168
695
528
714
749
431
704
7
33
781
335
778
291
769
535
215
319
892
87
174
726
496
915
230
172
129
919
299
158
677
774
475
453
983
381
287
358
66
695
156
221
309
682
102
59
444
12
463
746
643
568
197
814
259
993
664
666
267
67
309
464
818
510
351
928
759
780
699
317
272
476
372
168
48
606
424
732
404
578
804
462
933
929
713
478
926
238
757
508
196
851
694
782
43
805
144
926
301
881
138
286
410
321
731
770
904
167
892
602
721
828
606
54
430
250
144
34
668
406
852
251
229
699
848
905
491
417
442
871
31
299
618
717
51
286
324
460
317
904
219
510
973
487
362
807
566
811
315
922
104
311
635
351
925
811
292
631
923
766
226
399
657
613
197
760
733
406
97
685
582
89
56
873
111
886
403
469
686
767
730
591
726
211
503
420
56
134
950
879
813
509
39
872
81
838
300
418
452
140
632
501
686
949
802
622
523
726
655
976
530
620
529
175
341
196
925
239
848
255
427
12
550
50
508
457
50
392
557
9
35
248
634
316
364
473
688
897
706
10
351
864
128
552
149
863
160
625
269
541
411
977
771
927
49
811
153
130
555
23
792
990
497
322
437
872
348
109
530
108
247
216
53
967
211
703
148
135
47
137
177
568
479
332
502
809
990
805
15
997
410
392
866
223
477
973
857
572
153
93
600
420
390
270
98
560
351
872
587
329
894
384
168
622
72
1
801
988
752
672
756
592
541
763
629
986
326
139
309
11
997
862
231
519
428
166
153
901
987
302
606
735
125
151
823
964
305
81
668
924
970
635
35
747
460
319
316
596
97
919
758
854
515
493
336
480
956
138
623
923
532
59
990
907
225
944
539
358
725
737
700
246
309
471
232
997
183
539
187
111
393
899
580
977
768
452
148
976
405
842
898
500
895
477
221
523
415
962
400
782
516
249
83
98
728
134
769
11
816
190
351
35
145
774
185
420
819
716
468
221
940
424
83
921
528
395
850
676
995
192
136
772
267
218
541
509
109
341
114
574
763
158
106
215
235
549
955
965
276
681
910
217
99
916
982
891
978
320
473
404
629
672
425
286
907
347
33
97
606
386
718
615
895
519
414
44
545
843
748
766
792
967
834
907
327
163
90
610
20
362
433
655
516
737
251
935
851
817
127
734
997
607
942
917
193
834
303
829
61
29
477
617
675
763
61
382
278
466
334
765
361
521
485
339
141
737
929
769
127
997
367
550
998
474
596
613
295
328
941
260
237
566
103
36
662
564
859
362
695
717
722
913
92
868
623
44
844
343
357
799
334
400
487
472
809
621
752
420
180
604
28
333
943
594
526
979
589
189
740
631
315
182
848
417
98
601
313
530
949
425
974
225
401
640
471
602
1
394
816
299
64
471
998
623
307
385
304
627
316
554
844
652
261
973
229
647
891
998
892
150
892
63
859
787
231
283
815
355
791
333
264
228
898
155
580
335
288
206
719
754
595
100
214
727
870
44
171
529
862
933
347
583
777
1
771
455
152
252
461
210
429
656
754
915
968
550
491
415
859
94
275
344
474
4
873
729
335
130
560
57
366
278
772
641
737
741
684
281
766
247
233
746
191
163
933
918
561
264
569
250
387
883
945
195
406
5
930
837
523
638
884
139
13
691
487
906
866
207
782
448
976
595
755
936
779
443
743
158
319
124
637
501
919
490
534
370
261
37
934
80
332
46
347
545
773
728
929
152
460
453
324
764
505
779
390
366
540
63
474
703
998
296
135
567
421
287
813
227
119
928
67
547
858
403
564
554
799
468
842
20
357
46
985
751
788
154
810
619
413
507
325
112
295
850
856
431
3
802
708
959
572
173
976
955
1
245
852
307
499
127
192
459
865
883
791
102
223
503
604
370
769
362
211
147
444
903
814
366
312
204
253
376
178
518
690
639
813
199
554
660
671
472
929
490
315
114
423
738
590
747
238
969
374
218
673
59
673
287
248
637
935
890
810
4
743
587
8
554
711
902
211
818
973
623
762
343
141
916
738
354
874
101
225
339
407
788
228
93
876
371
46
94
313
992
200
914
686
87
702
587
792
580
577
453
625
627
293
253
444
173
855
365
130
291
379
353
64
625
358
702
910
741
590
737
569
44
779
927
955
940
481
646
687
716
169
169
966
449
686
212
928
887
766
407
10
67
169
81
827
645
779
708
378
148
900
468
305
210
237
14
942
921
940
748
627
276
665
748
391
534
837
23
582
884
270
17
81
717
312
866
381
259
385
726
456
114
899
73
91
514
10
823
504
296
879
214
179
620
488
561
137
551
810
164
968
790
682
991
681
652
169
591
596
541
989
976
321
396
996
210
978
927
125
423
989
836
309
576
45
44
523
107
126
190
823
680
158
282
510
916
729
115
604
796
90
406
429
178
482
207
141
380
615
889
780
304
657
195
68
801
291
964
885
763
591
134
608
649
938
537
127
795
275
322
418
396
880
497
96
322
679
440
190
242
117
249
951
161
22
478
385
918
473
842
269
279
104
278
103
883
252
674
750
189
221
617
726
101
287
756
698
887
880
154
388
639
294
590
506
555
790
99
921
623
513
164
982
93
892
902
873
854
589
405
58
766
64
778
231
565
209
532
422
123
268
232
876
13
890
110
307
874
676
720
737
137
216
265
226
370
419
441
301
269
113
466
28
825
181
32
999
791
569
531
252
775
386
530
148
539
144
740
261
162
459
182
686
270
863
97
259
784
265
73
759
28
215
366
534
115
270
426
981
818
278
343
978
510
884
580
556
888
932
949
609
674
232
621
586
549
297
140
714
113
641
843
367
805
601
425
819
392
844
853
742
553
912
894
837
141
437
609
818
199
409
741
14
49
568
987
646
812
502
167
66
762
849
857
90
764
814
273
500
444
33
237
843
177
515
876
305
144
615
306
156
786
684
966
967
758
391
278
633
641
74
919
676
182
177
257
316
115
615
484
895
429
931
822
795
837
824
882
760
129
515
999
818
641
837
916
183
269
734
692
262
456
225
330
139
524
977
185
943
847
231
925
263
402
562
888
570
265
340
548
723
416
44
653
262
230
739
13
146
887
749
457
904
725
345
664
818
482
827
942
587
673
744
331
151
490
458
810
243
893
475
215
800
825
139
116
990
868
458
890
9
919
247
125
59
800
577
83
959
307
26
898
375
949
995
208
13
877
135
25
447
780
516
940
82
788
912
957
656
739
337
799
331
619
556
548
207
419
40
99
590
106
593
892
457
38
277
80
142
818
388
630
875
326
882
555
327
171
585
32
870
559
899
615
878
766
41
377
244
859
508
436
266
674
5
181
898
47
91
266
957
818
25
804
276
307
845
705
965
574
53
84
967
675
795
183
999
863
875
930
385
792
975
677
91
301
221
907
247
579
350
108
703
297
364
858
814
809
333
346
438
162
436
204
38
562
639
794
417
373
372
886
649
409
276
459
669
818
697
931
595
786
446
998
872
542
761
243
277
688
71
313
991
858
872
858
32
22
961
694
638
831
929
405
650
575
70
818
260
669
401
652
147
54
299
514
53
344
505
803
899
863
439
33
945
396
588
439
585
727
968
445
100
265
762
383
416
340
87
767
758
752
421
716
348
957
394
717
821
275
602
982
962
179
141
588
238
824
989
915
475
755
883
313
884
176
524
832
905
827
207
687
340
195
355
787
393
75
552
271
17
855
418
82
785
826
439
548
246
334
712
247
229
833
149
126
764
65
900
777
312
452
736
475
183
937
824
124
559
896
781
18
240
749
721
486
648
334
355
250
343
967
419
670
820
702
596
76
868
211
755
509
925
538
786
532
795
836
12
658
793
474
161
290
184
53
509
120
932
422
902
612
542
108
250
736
996
69
567
750
875
771
69
196
410
291
969
136
603
979
72
303
376
957
783
326
768
711
179
951
823
590
508
809
438
685
135
491
404
74
294
506
666
851
388
118
622
99
498
671
318
326
858
651
321
702
982
264
901
554
287
328
448
875
242
710
468
901
94
835
896
537
300
68
549
352
659
983
603
968
68
956
351
362
351
632
106
289
514
661
86
388
152
629
624
104
295
762
410
977
151
234
197
910
331
240
406
576
199
570
714
195
962
118
479
726
253
522
323
236
481
106
276
40
434
204
97
629
47
946
453
773
671
846
951
77
828
503
569
905
149
893
6
526
727
120
259
397
686
846
174
324
747
344
245
933
700
146
152
17
496
356
686
702
165
951
140
947
893
949
366
883
237
594
183
473
57
834
135
368
216
408
691
620
238
345
208
459
489
654
416
2
611
142
422
782
576
661
834
169
186
734
828
796
295
774
757
336
192
890
578
761
287
835
348
255
749
789
232
529
720
795
36
314
430
982
950
9
534
6
821
742
481
394
471
954
603
801
516
60
874
331
481
354
43
399
433
448
597
494
254
633
692
389
659
324
753
407
717
123
110
741
622
759
339
438
108
605
477
599
606
863
220
476
985
493
516
819
661
347
1000
777
936
475
167
953
264
945
995
15
172
588
726
884
972
898
972
762
526
653
209
753
760
389
657
489
28
344
565
122
79
40
935
656
609
284
639
305
314
938
334
926
460
758
562
449
486
459
376
578
83
286
583
620
732
906
64
522
289
785
909
979
335
349
282
726
447
681
269
77
286
181
801
545
969
206
694
665
123
147
623
227
140
694
752
712
701
701
967
863
767
976
301
186
239
415
710
27
410
771
289
907
858
357
923
883
672
372
772
572
967
403
795
967
892
970
1
38
108
358
27
591
983
741
833
601
176
862
938
81
434
620
697
492
26
567
441
18
561
327
366
345
789
311
832
718
784
952
89
728
71
506
563
674
401
644
718
566
662
161
994