12902 5271
34
977
147
2887
2835
2624
31
2925
694
2655
2986
1184
719
1947
2700
148
469
215
862
1664
2219
2641
2100
1971
214
1293
2848
3
2847
942
1634
857
1880
2414
2983
768
621
897
1809
1556
2230
2673
2102
916
2579
2903
2587
708
553
2620
2264
710
853
915
2890
2273
1730
1478
810
399
565
2532
2470
436
663
2418
2972
1794
717
2994
1441
1231
1890
1414
819
2525
1988
1832
2352
1541
1901
583
1308
1349
941
879
1083
647
2376
299
701
1474
2180
13
1214
212
2869
2578
2339
943
99
1170
1572
81
1790
2138
2859
1746
2454
2410
1722
2933
2161
2393
2960
2904
1239
1314
2746
542
2432
1926
1767
2323
1963
686
2749
1237
2560
2857
2088
1505
312
121
396
1072
2311
1136
2506
1934
2364
1798
643
2172
1438
2198
2934
2231
1334
2311
207
1129
2343
43
356
279
2886
1067
1889
728
1983
712
2867
1372
1583
2486
1193
1643
1899
2863
2399
222
1607
2132
2813
2162
1725
1052
1682
1393
1364
2970
31
1837
1375
2252
1439
933
2846
912
2246
945
997
1941
2838
2837
1504
1975
1591
713
2328
2461
2779
2983
2027
2435
2911
1228
1271
264
2766
2282
582
2073
2084
1519
507
1737
2352
5
235
2962
883
2079
1385
2305
905
2896
1133
2395
2985
1811
863
2796
1243
2519
2842
69
2306
2309
2135
1493
103
80
995
1593
2951
1407
2002
796
415
1128
2528
2100
2442
2727
1483
15
955
260
683
2912
878
59
2167
1772
928
2619
484
2597
895
2556
1409
1123
2696
1948
1822
2042
1188
1708
2431
102
2991
968
2568
2402
2473
1400
1449
2343
834
1946
2130
1686
444
1577
2140
1927
1213
1735
2920
343
2371
2629
2915
522
904
401
1836
1801
2603
800
1713
15
751
1917
1217
273
208
2154
1547
1056
1038
50
1279
1963
732
2149
1681
2689
217
804
2990
2415
1786
855
156
586
1379
1142
2571
1792
140
1283
849
2371
170
1177
676
2229
285
1141
2583
1780
1832
2782
2409
355
2901
1035
1016
1717
594
1149
2812
2882
2671
2081
1241
2194
289
1271
438
77
1089
2357
1099
1768
2891
1506
2499
886
1349
1908
2734
543
262
1065
844
2671
964
1952
1139
1531
1777
2695
1304
533
1764
2076
2450
2103
1214
583
1370
2573
550
1113
427
2804
2208
1865
61
839
202
2593
2225
1487
1016
1171
2580
2889
2306
2973
2127
1318
2729
2502
160
9
2438
1294
359
657
2201
1628
1140
2830
1748
2391
2561
643
1057
1417
598
642
63
361
1173
2150
169
2188
877
2336
984
909
2341
1102
1652
2847
1851
868
1373
576
361
1138
1329
229
2978
2072
2746
184
506
2876
702
2123
2025
2953
628
2748
556
212
1995
1049
928
273
33
1220
1995
470
2923
112
2292
2311
600
2209
1442
893
625
2414
1446
1173
585
1425
754
2660
1045
2256
551
1578
656
1197
1729
1745
603
2860
1169
1737
2261
672
1468
2077
2002
1518
2145
1950
1755
2457
458
315
1351
796
2070
843
2518
2612
1979
2371
1366
987
1544
980
64
2141
2426
1496
1734
80
1051
614
1462
1175
411
1457
1536
2481
419
1301
1023
2429
1326
1571
2249
2440
214
1563
2828
2915
794
2687
125
1752
2286
329
756
1703
2683
1658
10
1133
1904
2868
562
2426
716
2860
1328
1614
2001
1725
1108
1522
2658
809
2196
2211
2576
1875
2997
2949
2908
2892
2938
2843
765
2065
1014
778
2927
817
1689
895
1715
1362
331
179
2251
843
2679
795
135
515
2396
2041
932
1092
2665
948
1402
66
2157
461
2791
2932
2449
1158
2221
1153
2980
72
2608
2854
2965
117
2121
2191
725
798
2673
1419
1239
2153
978
1115
892
251
1556
598
1745
679
1281
146
850
2927
1285
1359
1216
127
904
2389
1552
933
2475
908
1850
1238
2964
2203
88
172
840
2698
2161
2497
680
1046
1346
1711
2634
1323
2963
2147
2719
53
2313
1327
1157
446
1168
2672
2348
2869
297
2406
175
1533
2240
135
433
1221
954
919
62
2860
1896
1873
1431
495
2049
2373
1780
2312
258
2802
624
768
780
2866
2590
555
2968
1361
1018
501
1403
2831
80
1495
1634
108
2808
2981
1115
1926
2001
2751
1403
284
1595
10
676
2567
1600
328
2454
972
829
1305
2295
2064
1885
2397
1200
2578
625
1751
233
2904
1558
698
2660
1217
273
11
1289
586
1110
1745
1934
506
1321
2691
2073
1496
905
2221
2729
111
697
2876
2209
2325
93
2980
1928
2685
2387
2486
1498
2693
1706
1818
372
2215
960
1571
667
311
1721
1943
798
2394
1910
1690
1666
708
376
899
1494
1444
2256
2409
51
306
2851
2354
2506
1499
334
1743
2377
855
1124
1622
1883
337
1108
1166
2914
2994
1361
80
845
2683
2342
2943
352
1535
1075
753
2166
2997
2879
2639
464
966
2170
2321
1059
2495
853
442
1655
808
1456
241
518
268
2438
2693
1931
1891
724
2169
996
2407
1917
943
1360
771
2176
688
210
77
1784
1071
1878
1957
2566
2149
424
581
652
595
2454
1794
2542
1242
2545
19
461
745
2133
748
1476
727
4
1278
2181
2017
1202
909
1819
2088
411
1109
1866
2264
730
708
1120
807
1728
2058
1757
1818
335
1185
2611
2885
863
1647
2316
2100
2785
1293
3
1566
1909
2023
1386
76
725
1063
1987
972
890
2384
153
1657
1393
536
718
846
2444
2650
2566
144
1154
45
1419
913
624
1829
120
363
2578
2153
1322
2697
725
1652
2361
1843
337
1837
2094
2469
1776
1917
1614
1024
515
2914
2095
1554
132
799
830
1740
1324
572
1429
1528
1466
1890
1363
1335
57
988
1373
86
608
1459
1457
40
2443
369
1046
2618
1424
1015
1230
2257
1431
681
998
2516
2531
853
1054
124
409
717
2185
1877
1041
2814
2815
1014
2904
2616
473
2930
852
2875
2799
639
2828
1147
1915
1293
117
2783
806
1333
2069
1828
121
2385
701
2888
1711
1922
1337
437
2280
2276
2059
521
2397
1333
1271
473
2096
2118
1382
700
1019
1226
1092
1606
2984
2989
2566
2527
1715
2476
293
764
1117
2889
2914
66
189
1657
236
1761
665
1018
1171
2812
1458
327
826
415
320
998
165
49
1872
2520
2699
2542
991
289
2665
1459
1940
2174
107
2920
779
277
2310
779
2851
1063
2380
164
1053
1859
308
2799
1950
118
2989
2165
2047
2572
14
410
1471
1175
1399
2921
335
2700
2122
1745
1113
2619
2961
87
624
2467
2176
2990
250
87
1200
2565
927
560
2651
1241
2503
1055
2501
1123
145
1772
1368
54
586
1683
2909
1476
2600
1371
1612
1701
686
389
2998
2206
1236
419
83
257
158
1928
2129
1957
2949
338
2706
2661
2719
11
2203
1139
1263
1936
2266
437
1687
2702
2465
1693
1939
344
1195
198
2860
560
1894
2393
2366
2952
1694
458
1322
1552
2495
105
2998
1643
1987
2992
1254
554
31
325
201
1496
163
2747
1290
1507
2348
1093
2011
2605
927
1654
1331
280
2531
584
420
1609
2912
2016
1031
470
894
63
2741
99
2992
1128
1627
1336
1858
32
2583
449
1068
366
2711
1991
1130
80
1349
2016
241
1860
1780
305
1305
1489
1834
41
890
1819
279
1791
609
1528
1185
662
657
2360
2216
176
1285
327
311
2004
196
1015
1305
1114
1060
1885
1340
2220
2079
2999
2710
54
2970
627
863
1258
243
2240
2213
1390
322
1756
560
461
195
1092
2421
1819
2101
897
2949
96
992
488
174
2397
1953
453
755
451
801
2828
2751
2962
2671
2534
1345
911
2122
590
1601
1711
549
1619
664
2554
2209
1939
1666
2200
2491
153
45
158
2876
2183
479
659
680
22
2478
1416
524
1903
458
945
2147
2656
712
2042
865
321
1409
2497
298
1862
2090
1478
868
1452
2183
1384
600
660
312
1169
1082
1229
1253
2956
1987
807
1527
2568
1257
1845
772
2062
906
1469
926
1789
1025
642
2369
585
823
1377
992
655
2100
2595
1540
1197
2698
624
1080
2285
1087
388
1537
2019
2576
271
2829
91
496
377
2724
1061
45
1520
1984
278
1698
494
573
2561
1081
138
2459
414
2091
2634
2721
2220
2514
2497
940
2794
1994
1773
1567
822
2994
1438
2794
2081
2503
2460
735
2219
825
1764
42
1578
531
417
1830
1779
1228
2382
2565
2451
2445
1400
1479
2898
1917
783
827
1616
2382
994
1540
736
2675
1369
1398
139
265
2258
1182
1904
1144
1689
2340
1002
590
2720
230
2825
1908
1766
1258
2839
2101
2659
1111
1388
1800
2421
2355
2715
973
2270
1265
1645
1236
201
2344
789
1065
1878
1165
1056
1188
2478
1604
1780
1473
2764
2344
2279
761
2271
962
1640
2304
452
603
1831
940
2953
148
1610
2947
1205
890
1633
921
2145
1504
1280
2144
2515
1692
39
2342
667
218
2903
205
2111
732
2385
1050
2715
1587
2441
2277
1865
1261
2036
678
2718
319
513
49
819
183
440
2217
595
2499
543
2011
1550
2411
338
1202
1878
63
322
975
128
228
807
2116
2728
2558
197
876
2124
1445
1289
535
2403
1601
2504
2168
1201
1961
493
2944
315
2302
142
2744
2006
471
2650
502
2475
1335
1455
1769
1560
1383
121
922
1063
2145
2917
2562
2573
717
1701
1610
759
2465
2671
912
2421
1799
2248
696
1425
649
1458
2448
1325
1326
1038
244
2852
1497
2089
2655
914
2907
238
2794
116
1529
128
1936
2369
2620
1105
1102
1234
1482
1062
2399
242
295
880
2504
1335
1114
186
1993
826
63
1036
2620
709
725
1209
805
811
302
2520
459
964
2330
2318
2217
1761
1023
2277
2305
2418
367
2007
1566
2495
283
372
2613
2940
2507
1223
1332
1267
1029
2927
750
980
593
1777
889
1457
1047
2611
1396
1580
2987
1681
1293
1359
1732
1285
943
2642
786
504
2767
2602
1087
2469
2829
269
2833
2503
561
30
588
2929
494
2978
24
1313
600
1623
1135
1910
1459
2808
622
481
386
759
1485
2505
670
299
1566
597
853
1590
2124
1144
1782
1629
171
442
650
2156
2062
522
1194
1762
1588
2124
639
2316
1539
1312
2898
823
368
2553
1161
2576
2546
1916
369
572
2440
2839
1282
950
1828
145
778
29
2121
2025
939
2698
1191
509
2325
2766
691
1293
2566
2808
285
699
1793
1095
2214
1745
2757
569
2893
1440
2660
728
1635
2130
1035
1374
1508
2840
1992
1133
206
1448
1190
1837
2695
1201
2069
759
799
1098
1009
381
2565
1673
2401
129
1109
2882
537
2979
524
2309
153
1620
2110
2875
1567
587
2762
2004
1800
1002
2015
2707
1750
1449
372
969
2899
2705
2400
1257
2947
1262
1394
2680
103
1805
2109
2530
2444
1649
803
2848
1408
1515
2405
2978
1660
278
2892
2822
2272
2299
2442
2200
2154
2371
166
2060
2629
500
1549
2839
140
102
461
1983
2856
1343
927
1057
948
2944
330
439
1602
1627
1645
2385
1036
2337
43
655
1805
92
234
1252
307
1346
2731
275
2253
1734
2013
456
2158
87
1495
449
1343
2363
2534
744
411
994
2605
1537
1001
1942
1773
1287
2252
1741
2116
2248
1010
257
2443
2278
2643
1597
2029
1376
2875
1005
2396
3
2227
2654
793
2245
2867
2433
2118
420
2714
915
1952
827
607
2736
251
116
2902
788
57
2394
1720
285
1177
1836
1723
2424
2161
1977
2916
2155
825
2579
2894
1426
1818
390
410
2289
1384
734
287
2463
743
387
2032
463
114
1320
844
2526
2228
43
2296
2795
1107
1913
763
1020
184
2001
2067
1106
2215
1281
2715
1696
2036
1745
1453
2085
1136
1857
817
2670
2525
2774
1594
2659
1236
1413
626
1606
731
580
824
1607
2470
727
2256
2501
2631
490
1947
1521
2423
1690
1928
2414
1865
542
2345
1610
2433
2723
53
743
312
1987
2274
664
2201
2496
2341
1118
1127
146
2088
2269
1671
2036
1812
2929
2786
2213
1179
1278
201
1660
657
2014
538
532
1652
231
1261
1137
2258
2786
25
1094
498
1318
1288
488
210
1078
1365
1124
77
791
1587
2536
537
2752
2286
1199
2840
2645
502
2901
2846
2652
2686
2330
2827
2126
2648
1021
2310
2077
1886
2248
1747
1046
2578
2081
619
2060
2897
1566
1844
1505
2697
1198
1963
1158
365
362
1196
2465
684
1282
2783
2818
2901
2261
19
594
819
1997
1951
1353
633
1978
26
1206
860
1605
1165
1273
554
2706
1892
126
2990
2598
2698
581
2231
2985
1177
986
154
271
1193
2355
1694
576
108
2623
731
1167
2112
1397
64
1282
935
1837
2169
2946
2847
1073
1969
419
591
1933
1114
1572
2491
313
2122
2865
1550
1502
2698
1096
835
1943
239
2636
342
1881
2593
582
2386
1188
1586
2365
1539
1323
960
1707
329
2600
2490
1523
1233
1727
1515
2405
1529
2226
1112
2101
1714
856
290
2936
415
2200
2613
1685
2658
81
1690
494
2225
425
2551
386
2335
202
2620
1937
658
1207
2233
43
1130
728
1271
1294
2631
924
1856
1918
2049
89
1235
944
975
320
432
139
295
1587
2090
636
1951
2323
1444
2083
2248
1893
1152
2508
2527
129
788
1512
41
640
1903
1041
2482
2444
1913
728
1996
2958
2289
741
824
1543
2221
1790
1094
657
2541
531
1258
1013
1953
1907
1895
130
2453
2273
712
1508
545
190
2578
2425
917
2989
2153
2427
1452
74
2159
1499
2366
1123
1490
2182
1729
458
2571
1495
656
1670
860
2848
94
1997
2785
294
2253
1209
2829
1649
2884
1240
163
267
1543
2247
2665
268
164
1714
119
1649
306
1266
932
1045
2480
2242
2890
276
2865
2490
1285
1790
1550
2159
1961
543
218
871
689
2586
2697
753
2864
115
831
41
1615
651
50
1081
1936
1417
479
1649
1099
2061
1377
2105
633
2691
1240
2394
1216
2516
1189
1645
24
2070
2873
705
2996
1210
1269
508
705
2949
669
1885
2237
666
699
1622
2960
2683
52
1812
707
188
569
1854
1015
521
556
1612
67
583
1247
2648
2147
1697
935
2626
2196
597
1693
2753
257
2072
1432
614
2535
1136
144
2157
2948
288
2726
2182
1856
1613
1100
1214
2323
1831
326
2886
2618
1029
1384
1907
259
421
2479
715
1561
1236
2489
989
1242
1769
254
1331
707
2372
1163
1909
1087
2201
2991
2417
1990
858
1974
1992
1165
2951
86
1914
1737
1696
227
1621
246
757
2996
2257
1752
2807
1528
1053
2210
1626
2926
886
217
809
1870
2680
2406
458
1576
452
650
2281
1797
1700
698
1142
1829
2448
695
157
2620
133
2593
518
330
2578
20
587
242
2592
1936
764
1005
991
1542
1022
2795
1577
2862
826
1792
1420
1482
1835
802
646
140
2162
676
27
2481
1733
312
1158
493
290
2609
2179
2601
185
2333
613
239
2915
1262
463
1171
1981
2627
1855
2208
845
645
2850
514
819
676
2602
1403
370
2567
2674
376
217
2208
2150
2678
2130
962
1547
1840
1457
265
431
808
2115
275
845
1059
2107
2400
1669
2827
84
1602
2296
1543
1898
2090
1042
570
767
1694
2166
2290
2533
860
2306
2627
2571
373
1383
2458
696
2926
2692
2687
177
2092
2957
1149
1555
807
2223
1899
941
385
2391
1049
710
2425
1313
1105
2015
2286
1863
2561
776
1319
2026
154
2006
1512
2980
2530
1590
1681
493
812
2653
1694
1592
2154
1568
518
94
2189
2451
1663
659
1087
1853
2359
752
937
1429
1542
1769
684
789
822
2738
1889
1475
1002
2400
1590
1839
2678
2585
359
2216
1053
305
177
2308
126
230
2450
1073
2685
927
1008
2463
1515
403
886
3000
332
262
226
2147
808
2117
232
2790
2006
2487
1851
2297
1495
2760
2665
2618
2731
761
2552
1101
850
493
2671
1439
837
1296
705
2148
2009
1417
381
2592
2974
156
1345
2728
2202
1377
2940
1877
2653
1545
915
2167
1631
2725
79
729
2674
1919
729
2248
1287
2894
2134
1372
592
2151
703
899
1726
1770
2254
2367
1887
2633
1200
258
986
1826
2454
203
588
1245
1677
2389
219
1017
150
947
2265
1332
532
1260
1522
1092
2408
1346
1501
186
2389
1766
1164
1006
1057
2429
1558
2578
1484
1011
1152
26
2952
1697
523
2972
235
999
2977
1780
2712
316
1020
2510
497
756
1059
200
590
2582
1458
2282
118
517
264
1052
1503
2598
984
1649
2243
511
410
1307
1836
611
1312
1468
462
780
1409
2568
1935
1797
354
39
113
347
1469
168
1065
1293
1478
1687
313
803
1266
125
2598
1522
1521
2828
2450
2072
1633
2901
859
410
2158
2146
1129
69
2518
4
1138
1132
2522
1077
1651
1777
1225
428
1302
2363
321
1815
2839
817
754
1616
495
2113
274
1566
1324
2789
1128
333
233
1626
1323
1705
1021
1373
1475
714
2732
970
2771
2495
177
66
1129
43
1322
1610
1866
618
2538
695
1280
2048
2082
2918
135
2350
333
469
2450
2617
247
2302
403
2332
1441
1120
499
1303
2391
760
61
757
2428
628
2699
2982
2899
2441
2972
2881
2213
2566
406
2872
749
2767
1801
2581
402
2595
248
2692
2934
1591
566
1026
1787
1912
2617
2929
1273
2414
1053
2666
1583
925
1892
2072
732
605
825
2079
444
1749
1293
2365
2386
1234
2310
2243
291
1816
2380
2773
535
820
2049
1119
2928
828
1756
2339
1399
530
106
1261
2443
160
1929
968
1558
1600
2517
113
1150
1584
291
2571
2925
1776
846
2871
1752
1689
996
920
1831
2206
966
1785
2116
350
886
1294
1215
590
881
982
2911
2209
1147
1579
2735
1266
1194
987
512
305
2478
661
2099
1252
2383
1212
1486
2342
2432
2498
2009
480
2318
655
2250
2926
694
2559
10
1540
1866
1821
1382
979
1841
2202
182
1678
1856
2523
1030
575
2168
559
2084
2859
2632
1612
301
1600
1786
1017
1842
438
2405
29
2828
948
2767
1220
1605
2604
1713
2670
2686
49
136
2066
168
2345
1534
1360
1508
2408
2975
2197
2033
1889
683
581
923
2208
2784
2688
2506
1043
1794
480
1169
1472
1908
2362
204
1470
213
257
2367
444
577
1862
2683
786
287
2701
1818
2872
2745
1496
1514
343
172
1285
2616
1906
509
8
2301
2675
2375
448
2303
1262
178
2141
2920
694
1850
624
2103
2475
399
1965
2577
1029
1649
916
946
1598
2179
956
206
1402
357
1424
215
1901
2378
2391
791
843
2440
72
2337
1301
2723
609
2643
2328
1763
2414
2985
1984
2594
2414
2156
1155
2712
2316
514
599
1901
2602
1161
2101
490
315
1678
2032
508
2532
1364
1747
2496
2836
2716
2012
1635
239
793
2658
652
2741
638
2117
320
2408
2568
2733
1912
2579
1498
1965
508
2003
1647
680
2503
270
747
730
1832
550
839
550
2739
2624
1302
1762
990
573
1076
416
2634
300
2279
1103
2578
1807
2748
2608
956
1672
368
1431
743
2388
2363
1890
425
2562
853
1088
1996
2585
2789
185
369
1268
1026
1524
985
1878
749
660
1343
1889
1198
508
1598
698
2177
1044
2596
2079
2351
1002
1976
1418
1711
2553
49
607
106
1950
911
2722
1065
493
2822
1789
1888
278
1307
2541
2839
335
757
419
136
664
2072
143
971
123
285
2978
1521
1666
1934
93
205
2728
958
1436
297
1688
2826
1685
2507
973
666
2001
911
1626
1666
2370
1571
1329
442
1462
1812
397
1924
2722
914
2056
1479
2828
398
2045
936
2993
1906
2655
2506
244
2873
238
1565
1083
67
1225
2272
847
552
2395
2592
2184
2784
2918
1512
527
1345
1369
2786
502
1400
838
506
1906
900
1254
1011
1140
1639
2477
351
426
1117
2804
844
1741
2209
1691
37
2366
1330
1193
384
1455
1743
2005
494
361
2518
1753
286
633
821
1223
2092
356
1450
1413
1465
2558
288
2200
2509
2199
2723
2141
2831
1846
1937
704
1022
2554
1145
1482
2744
2956
1616
1942
560
2819
1593
1424
1212
279
1540
516
1963
1436
2461
968
2703
141
2210
2395
2394
2300
1499
527
1141
1061
2226
1470
513
1146
2622
2022
147
44
289
2401
1349
1447
2918
2147
1691
136
540
1198
2821
995
469
675
755
2155
970
45
1983
2468
572
2705
1292
2410
598
818
783
1321
970
1441
1510
1634
769
1673
2081
2753
975
120
1231
1460
330
1336
2810
327
2807
2630
1780
1204
2770
1950
1933
10
1981
853
1217
1431
1300
739
1204
525
1976
2299
2312
2057
581
2753
1171
2390
1486
1929
228
185
1688
1720
2119
915
1628
506
2509
2831
998
986
644
831
851
1618
1340
473
735
2697
1653
2113
2916
1108
2811
419
1023
2141
930
2051
2015
2283
2101
974
153
41
1761
2669
933
824
2022
298
2939
2090
1966
582
1116
1116
623
1106
1201
1688
2643
350
1455
722
1062
1400
1228
2623
2389
1526
600
324
2430
1732
844
1835
790
406
1218
2761
2375
2786
2630
861
975
145
1254
1154
1969
2617
743
711
2508
2225
369
2936
2735
1002
729
1475
538
2403
230
937
920
1619
1005
853
1802
1155
1149
2333
2366
2955
474
2968
843
2040
1458
2726
2857
988
1875
2444
2715
1360
1517
283
983
2690
1292
805
1303
1380
472
281
34
2030
1884
2850
578
1070
2242
2902
27
2014
2169
190
2881
783
2041
844
2943
867
802
1786
2493
1098
1563
1181
2477
2434
2246
2575
2549
1634
83
1997
1203
2595
40
2663
2223
2826
1925
1750
1065
2674
2369
1178
1003
1352
2802
301
389
1340
1875
141
1431
2581
916
38
2123
2877
454
1065
2359
2121
1077
2767
2799
247
2776
908
1008
1225
811
2682
466
1354
790
1553
1233
2537
180
1240
1608
1884
1252
2766
1291
453
1491
2223
1054
2430
117
632
2797
1691
2139
2066
1580
2655
2596
1055
887
2110
1752
649
309
2659
2018
1615
2730
1360
127
2667
1078
898
2621
2052
888
1036
2876
1122
1455
2228
1031
2544
1134
1796
2176
802
1489
760
836
2666
2291
2174
382
1532
2084
1485
2265
414
753
816
1705
606
1237
854
2716
2618
1590
1249
2042
1395
801
445
1789
1267
788
726
2092
1883
1571
2770
1739
88
1739
2504
52
1123
1382
992
2845
1076
890
2388
218
1137
1588
782
1715
1755
2629
2260
1823
2059
1244
1160
826
1439
151
1639
115
2684
1788
2119
1414
217
379
762
2778
1076
351
2900
2611
1137
2769
741
2418
2685
1208
400
1683
975
29
1976
1176
476
1331
1716
1399
2531
1738
2888
842
452
1929
2456
748
2942
2921
2571
2664
2264
2569
624
580
2173
1824
679
2865
1695
1320
2412
571
1298
709
610
2048
1115
2708
2060
1965
2550
1512
2265
1165
668
1670
2358
1805
293
1821
951
2621
2396
1986
1316
860
1333
2769
2898
1341
1593
2967
2144
1609
981
2158
2748
352
2187
2028
2090
494
1517
1372
782
140
1911
2569
1731
1923
1566
2806
102
1847
1941
2758
149
1972
2525
1168
2316
289
1549
1647
325
1171
1917
1078
2393
1469
2281
1098
1888
1654
2507
446
2178
187
1554
2317
1921
1645
1141
1867
2633
2426
1428
1102
2601
2293
2445
701
2558
2758
239
1142
2559
264
2624
1861
81
1997
2785
2740
1193
2845
253
3
1134
404
943
670
285
2629
320
2915
1059
1695
1054
1688
1064
111
458
101
1557
1730
1674
1253
1856
2499
2072
1791
2577
2680
1002
381
2799
1183
2645
2078
534
1970
2532
208
1104
1887
2115
1145
2411
2083
217
1968
2724
1962
2119
2668
682
985
1937
2059
302
398
1920
2750
1635
1015
2026
1987
375
1337
44
1008
308
2321
114
1860
437
1218
791
1099
1264
1088
1798
2450
1119
360
2419
344
2813
1421
1997
1390
635
2810
2713
1931
2199
2420
149
2137
2722
536
1955
539
841
1722
534
738
1690
51
985
622
1035
2227
302
135
1464
1448
2548
1798
2659
2745
847
545
1188
2471
1930
1045
1787
1620
1994
2764
2121
514
2652
1256
123
69
2208
2819
1128
1074
989
258
2892
1022
69
1045
2407
1593
1834
2858
2589
2377
477
355
2197
2202
1276
2471
2232
2158
2484
1846
733
1174
623
1296
2013
1524
2749
1098
573
1847
1764
1050
773
1682
1865
1861
1808
398
480
880
1289
1398
1691
1418
547
1903
316
1651
2868
1084
1342
2839
1036
748
2802
2171
1637
2431
1614
433
2040
1031
931
2386
789
1110
1371
941
1118
2240
1700
2818
1572
2533
279
1257
1095
1195
2307
1686
915
923
2658
2569
2365
2385
1841
694
415
261
998
2475
666
996
109
158
467
1772
1228
1589
2452
1872
1454
691
261
2490
1575
605
1302
2701
2288
2085
351
2157
726
2698
1249
2404
1398
54
899
1930
89
1622
1843
1008
777
1390
1923
2929
1508
1721
1518
2599
757
1740
80
2314
1406
45
2258
613
314
1423
1314
2891
428
2360
223
2729
859
470
2199
1534
2385
2272
956
299
830
2739
1913
2787
257
2256
257
2633
844
949
1705
1267
776
1710
425
2122
669
1469
644
1215
174
1608
230
107
970
2453
1564
2916
2850
2154
2430
2617
1417
2806
2013
1593
1651
2285
31
1716
2020
739
675
676
2888
2568
2810
2017
2311
995
1367
1019
1234
824
614
2494
424
15
2995
2054
1112
2215
1444
2831
635
2752
2003
1630
2452
411
335
2375
2037
404
1057
2887
2588
1012
68
2672
834
1575
604
2362
2146
2064
2435
1315
1983
2782
1097
2293
805
746
1526
608
1494
1220
1860
1582
1856
431
382
1648
783
715
2085
753
1526
2513
162
177
2393
2402
420
2491
1173
2123
1719
2607
2290
1388
1003
1635
2670
154
2745
78
316
391
824
2624
1069
1229
287
684
1953
2289
1070
1833
1658
2009
1682
1446
2575
2652
1742
2258
1128
1358
2445
638
533
19
1216
2187
1126
1452
3000
2062
1529
700
838
1623
2923
1657
1317
1526
2666
418
153
2002
621
1148
2719
1166
2257
2450
2604
551
2266
2303
2909
2147
1662
2369
2731
2706
2232
1672
2624
1151
2520
2485
755
1056
1829
251
1925
2754
1811
849
1669
92
200
879
121
1624
1015
943
2252
2137
988
1443
1919
1238
2562
2880
1934
537
1684
1262
2411
697
2382
1753
2646
2399
766
62
1294
945
1001
79
1245
2497
467
1250
2119
1491
291
2455
126
2677
2871
1674
1398
1637
2261
1999
2593
1272
655
112
1801
301
1909
1525
2559
2581
411
1226
217
2553
367
2297
1276
42
2603
1485
1973
1290
298
2268
2183
448
362
1827
2066
130
43
34
1939
2305
438
1131
2167
2717
1709
2792
2241
1484
1080
1813
1018
373
1415
1746
906
417
584
2323
1110
635
1698
1526
2813
850
2228
1895
1644
1134
2215
1710
2165
780
2240
2638
798
960
315
220
2518
738
2548
597
2844
2867
2640
2081
2290
2242
729
754
1330
1019
465
1735
2693
277
1053
54
2579
667
2383
2552
2675
2072
669
1586
2118
2729
527
1344
2838
2719
280
830
1297
943
2241
58
2233
1066
431
1079
379
502
2042
2061
1399
657
514
1879
2487
531
2812
2493
568
1960
2609
2995
2842
2723
1711
1117
1699
170
2100
1931
2268
641
2641
2971
1955
1540
1769
2379
106
2136
839
2704
1732
2770
1288
1660
898
1280
2630
1127
2087
2306
368
2978
1786
2462
2439
1368
2459
1122
1356
438
2992
556
218
92
1831
1382
933
2962
903
2354
2593
2551
1079
1916
2844
189
786
2632
1675
430
2071
635
2674
2229
1665
2282
1918
1676
1002
2395
2176
1112
647
2897
879
1700
2144
1452
1337
1763
2521
635
829
336
1249
336
150
1049
2130
272
713
1490
2078
1669
2204
2659
1156
2646
2928
1113
490
2186
2522
2172
858
1068
2808
989
703
2499
2138
2294
1897
409
57
841
1315
2769
2508
200
302
2555
2003
96
1862
619
884
2328
709
1365
1764
1689
800
937
2482
1713
255
1416
788
1498
2530
2939
2847
889
1015
642
1112
717
1575
2253
2614
673
912
842
2945
1927
2906
2826
713
1587
1610
1064
1193
1477
1448
1341
2588
2742
1711
2402
807
2446
371
505
2586
21
2476
303
485
532
529
2632
1575
1200
126
2493
441
1353
2917
1322
435
75
2514
2037
579
255
2913
1550
2394
328
1083
1964
2985
1441
1402
974
582
581
1011
2742
2157
1182
2461
340
2010
2120
902
280
616
2624
1272
834
175
519
530
1130
794
929
198
129
575
1358
2747
2627
1761
2146
601
329
621
1612
2170
1068
611
1777
4
1985
2754
2062
1709
612
1699
1526
2639
2419
666
1047
2163
1810
1109
2068
871
1871
323
1606
2001
1068
1635
2082
1733
810
1335
1550
406
1544
2010
1379
2870
2615
1349
1144
509
897
2369
1880
307
2492
908
55
1874
1059
4
903
2369
545
782
1669
1637
1690
1299
2704
619
255
2641
2698
1976
445
1207
1250
2769
2474
2600
2832
2076
1057
227
931
2939
686
316
2859
418
2119
2449
1278
1445
2669
1540
1511
622
981
2549
416
2705
2305
1380
2999
2640
1978
2285
176
2267
1258
957
2500
340
560
2245
934
2315
2705
1668
1154
2694
837
1245
986
1057
1562
26
2076
1880
2311
1769
1395
1859
2813
1858
2722
1275
2023
811
2628
2924
2312
2832
634
949
1970
1572
1763
1426
1435
409
634
2333
1642
721
2738
2261
2139
1671
2110
2001
715
1196
1971
133
1986
1804
1426
2410
2372
2998
2823
715
2713
1191
2019
2427
129
2941
2158
2095
98
1530
283
207
1504
2369
2241
1903
1810
1777
676
2606
2192
218
2286
1673
1689
1580
538
1508
2618
378
2882
887
607
1745
2756
1955
426
2304
2409
2597
2989
2100
959
1266
1085
2917
739
1653
1249
2211
2621
166
1743
1300
1382
2983
2369
4
1880
1313
16
80
2045
2306
182
1299
2881
1098
2855
979
2043
485
2950
2075
1949
2677
169
1201
1547
2715
1731
1360
1655
816
1173
1397
1054
1905
1856
2756
302
2193
1161
2145
2772
1851
1587
1374
1939
1330
1983
2546
1825
1580
1544
265
322
134
120