8995 289 691
2051
4606
8242
119
7969
791
4697
9569
5900
4330
6534
5614
4992
295
9836
5397
9903
396
6547
9593
9291
1012
654
97
1032
6466
325
9750
1644
7757
2733
6260
1217
2587
752
7654
895
951
1227
7007
159
3734
4179
2586
8022
8982
1594
6058
2149
1184
809
8327
2773
8587
6183
6619
7681
8945
5534
5322
9852
9633
3333
5871
4281
1449
8611
9035
8491
2044
6470
8508
1288
4033
8056
1738
8393
5847
7035
8769
896
8295
8017
1463
4251
8531
5341
3663
1319
616
239
1787
2056
3827
9628
9863
628
1936
2371
9734
5169
915
9228
9411
278
1642
9212
6102
2212
4356
1923
2703
9838
2838
3890
6531
4196
9919
7953
6500
600
3191
4724
8782
6521
628
5077
7595
742
9923
5501
7842
6396
5932
6644
1315
9912
7335
2009
8554
7341
6177
7419
3069
1851
7365
8908
1825
856
6486
6964
4347
8457
9309
2999
6091
1868
722
6865
6622
680
1273
2908
5617
7524
1893
9709
9488
6634
4953
6958
2766
858
4310
4279
4631
3687
6439
2375
573
4795
3796
6147
297
8727
1762
4005
3804
3390
3587
1361
3013
3002
7421
2308
3324
7023
8321
49
2218
5503
7023
9817
6230
6716
7155
597
3600
4114
2581
3129
9067
3441
6056
7584
7173
9350
5836
7009
5792
3175
6722
317
8414
6820
458
6250
9871
9065
1401
3055
1718
7737
9477
3410
9201
9491
7763
5860
5050
870
6841
9722
2005
3882
9583
3412
3354
3165
6138
8344
924
424
5673
6913
4379
9184
6388
7791
8855
2074
2179
3367
1909
9675
2327
8205
2418
829
8098
9684
6801
4545
2853
1162
9351
4235
7789
1114
2179
3080
1495
5614
8650
7912
4431
3033
2035
8263
49
6485
9823
5355
3471
1207
4134
2802
1542
4306
5064
8834
9971
2828
3772
3620
4852
4584
2176
4505
9188
2109
9518
1914
4864
2122
6275
7570
5941
3561
2039
3965
5442
9005
9370
8515
5204
1043
7306
9020
7696
9894
7366
6482
4033
6736
6106
7513
6373
9191
7954
6528
6788
7844
2996
5600
5552
8264
2406
5398
9239
1721
4811
9693
3596
3612
9656
9397
4567
7888
5221
5916
856
5300
1395
6136
9913
2157
9520
3464
7462
2695
1831
685
3321
3996
9510
8647
9934
3873
414
9792
3136
3875
9855
3867
4278
8826
2145
2714
257
4158
2824
1461
6658
2602
875
7749
8070
2297
8346
7628
4590
3279
9268
5230
6648
2356
7347
8112
3821
7464
9431
6986
8410
9599
7368
4868
5983
3510
1022
8501
6455
6432
6652
853
5619
4990
7354
7790
8385
2394
5510
279
6953
1688
6505
6988
2597
5126
257
1280
8833
9573
3693
6662
1770
2607
4038
9487
1474
2196
8589
219
7761
3313
4085
3522
5712
2441
9904
2428
8428
9823
322
4642
6899
445
7822
7171
7542
1649
9452
7073
7138
622
8645
8492
7347
5405
4689
9704
6193
2903
395
2977
4198
5742
2233
5450
9577
4595
1447
3407
1630
5
5974
8138
6371
8448
3423
5774
6703
3883
1011
9983
4691
268
7627
8329
2388
3935
4178
9463
6466
6538
4311
7884
5097
904
7520
6852
7123
9343
3008
2151
6515
7705
2258
3723
8946
6552
6898
1098
7294
3022
8885
5858
8853
7470
1019
3617
3656
9547
237
6021
2557
3210
4278
3093
7193
7800
3332
7202
3720
8945
3151
22
5578
9474
2920
1187
5111
4945
320
8063
7517
1960
4018
1514
3460
2530
455
6386
1890
4988
5050
1117
9317
9345
2376
4366
1376
7469
6150
6644
7755
4761
7063
9897
5499
884
9209
6920
3320
9929
3413
4551
5308
9489
4927
8313
6837
2074
8322
8100
853
8072
1966
9885
7622
6137
9835
1808
747
8237
5044
167
4655
7416
9007
7034
5519
4692
9273
159
3033
2518
2710
1604
5110
720
4849
2447
8944
9163
9711
2382
6941
3943
1204
2264
3907
1863
5765
1436
3798
5528
7952
9464
7462
5751
4226
2737
9042
4366
5571
4870
1476
4574
649
3024
4006
1088
6857
2727
4645
5604
6500
2049
8382
5752
3963
2111
7205
7721
3512
6597
3190
4225
2254
6054
8061
2529
3401
4059
9930
5052
5173
4476
3677
4855
626
3923
3627
7807
1670
3109
4756
1047
9445
3129
8119
1863
4337
1528
9280
253
5115
3848
8028
4501
5938
3321
4089
798
1034
3924
2906
7755
5690
6844
1362
5844
626
2515
2885
9292
1425
2777
8980
3792
5059
2835
9085
2860
1332
6474
5966
9891
9153
1606
2901
4359
2803
718
6279
8617
8777
6150
4572
8058
3834
343
8254
6257
8001
2482
9820
513
2153
4380
5164
8909
7725
6617
5287
2045
7643
1099
8254
2115
6987
1483
5287
6143
8084
2226
5455
2360
6070
196
5196
669
4722
7037
7968
3207
7367
3545
4639
3305
8426
3337
7697
8074
2973
6774
1178
3065
9373
4355
5554
5863
7698
222
1602
7947
9905
8411
1141
376
4588
8387
6886
5587
3314
6211
9579
1910
1476
4229
5814
1990
5767
9797
8221
5900
4966
9782
7668
9571
278
8547
1234
5232
5532
5992
2487
6486
8369
7530
8142
8168
6874
7352
7521
2667
4174
3118
3211
3787
5280
6844
3286
2824
7124
5611
2975
2503
7646
9923
5556
1952
316
3004
6692
7356
1550
6037
3769
2806
6098
3898
651
7794
2239
8898
5440
6706
9877
7020
617
1794
3300
6982
3600
5359
1016
9893
1748
6124
5792
3602
8701
8604
7665
1488
319
4553
767
1232
4395
4767
7331
5548
845
8097
2864
3710
1624
4717
4434
9675
6540
1081
8261
5587
3515
8994
4124
3259
3955
8579
4932
6085
3760
5077
1388
2889
7193
7127
3222
1475
7762
7116
4825
8922
7042
1002
6454
5968
7824
3001
7774
3546
5694
8211
9238
9439
9551
9321
8451
772
6706
6079
4477
9843
1284
3073
6603
9201
3048
955
5060
8138
666
7229
1671
8239
6830
8620
6872
3185
4884
6233
490
33
9984
6822
5393
4429
1795
1590
8031
5061
8579
4245
4646
7669
9110
5839
8340
6406
2543
4471
1868
5986
867
2863
1265
393
581
7581
2302
460
4866
6933
8801
1825
807
8474
371
2563
6093
6990
3973
77
5583
7976
9318
4605
6006
4573
1617
6112
6128
4016
3799
2536
1469
503
3444
5627
1399
7709
3942
6195
5867
7570
3994
5346
9390
9316
9587
8435
997
7520
2648
8625
1606
9011
9800
1547
9299
7672
2875
7301
7855
7632
6741
2487
8551
2047
9160
4949
1962
1360
1222
3482
4786
1858
8712
8096
8054
784
7355
177
7694
9593
9849
745
6700
3812
384
7827
3765
6373
4740
3427
6809
1768
9395
2212
351
189
8623
726
2409
3243
7489
2011
5571
9204
6239
6798
6841
8844
9974
5597
8358
6632
4703
8768
449
5643
3465
1412
6386
7865
1946
3743
2040
5707
9244
1062
6763
7418
7081
8322
6912
624
1857
8897
2801
3531
715
1124
6501
3120
9129
1239
6089
4250
8614
5883
7130
7148
9094
7239
8867
6099
582
4469
2899
279
5507
6436
217
9618
8199
1306
3175
2945
5096
9565
7571
4433
9185
4414
6834
9564
861
7573
6847
7447
4954
8427
499
4665
3051
9137
3113
9280
4451
877
2834
6994
3729
5463
4012
7278
3224
9288
4563
8367
5947
3511
4020
9341
7417
9394
7461
884
7417
1410
7546
4762
1418
5931
4205
1609
4301
9481
6328
6911
7297
2625
8565
8328
2722
4734
1212
3859
4487
2211
398
9091
6034
676
4026
4301
287
9753
8822
8663
5883
7140
7264
1416
8360
6548
5478
572
8022
3466
4142
6622
3019
9847
8962
444
5005
2487
3387
2921
5738
6728
923
5257
1685
432
9049
1398
5228
7419
7179
7336
7326
141
1033
1055
6162
2511
8424
867
9470
1129
2223
8316
3112
2137
8230
4842
4358
7990
2848
4806
1480
7672
3502
74
9519
2635
5736
1022
903
472
2249
8340
9463
9317
8904
7573
2301
311
6139
3030
9762
1462
7485
4211
3407
6661
8086
8429
1294
8779
8055
5029
180
7468
5450
5326
4645
8613
7445
349
941
1084
3004
618
4610
869
476
7597
9766
6209
9256
7503
3032
7409
1233
8472
7030
4440
2162
5036
4174
445
6901
3105
4278
2113
5158
2817
3121
9923
3194
9080
1254
195
693
3970
4174
2242
6325
7365
5305
6639
1644
9202
6534
3006
89
5083
1674
7309
8684
649
5873
5503
1390
8654
1040
9949
8092
2179
4362
4567
8715
2881
9455
6661
6479
1383
2541
3171
466
1626
9711
9034
2394
4669
4698
5573
3142
6128
7032
1655
4058
9752
2034
366
2105
3603
8529
6548
7438
3930
8190
8131
589
6264
5301
7600
6417
3117
3543
112
7522
4982
928
2889
5816
3031
4543
8972
9270
1996
2168
7864
6492
8970
3237
164
8078
2546
5789
4815
350
8277
8839
3587
8226
538
5587
4513
2919
1333
1434
4181
7788
5001
9343
2589
277
314
4021
9351
5401
8600
7897
4101
2973
2914
635
6057
9318
3420
5629
6887
397
6781
2474
208
3858
1611
6957
4672
8327
1993
7795
6097
7165
4982
1865
4786
2829
596
8525
8163
1675
8837
4908
5100
3283
802
7587
8269
4002
8181
9290
5588
7777
2263
8223
3413
4615
1804
5525
5521
5529
5779
2641
4680
3368
3871
9819
7692
7885
5054
18
1340
7505
5785
1809
1218
5100
6139
7066
543
7244
9162
3624
9490
8202
6366
8350
2571
4489
5078
8841
6162
979
1040
3471
7350
782
5644
2432
1360
7850
6973
2097
7591
4968
8183
3170
583
2614
593
4452
5289
5507
8634
7995
888
5737
5258
5106
2572
4865
7233
2327
2229
804
8934
2686
4602
907
2816
4580
8209
2909
6700
6081
1701
7070
7387
8192
9724
1032
4446
1643
3871
9700
8788
2003
7320
4597
8212
8494
7086
8286
3780
6674
586
4900
4123
6988
8460
6066
6786
2683
9679
8183
3924
393
391
8127
9108
9487
3660
6830
6002
2026
6614
1327
1803
4560
7116
3516
2706
967
6656
5624
4484
6663
4824
390
1493
3637
4629
7646
5865
6744
9703
8222
9169
8487
8068
7941
1120
3154
1646
3692
7131
4748
7667
894
9276
2740
1046
3968
2166
107
611
3844
9915
5923
4556
4603
8656
9612
8462
5793
554
2002
1652
5625
867
3815
9651
496
277
8521
5886
7656
8779
9127
4327
1747
1138
3314
1627
1267
8692
6573
7905
1069
1425
2907
8770
882
2848
9235
4757
6333
238
7103
3776
4852
4874
809
2429
7184
2951
3196
4609
7058
8022
4614
1704
6361
5085
9728
997
2719
3673
5478
1004
3066
599
2351
4050
2393
3333
992
8297
2411
6178
2296
3285
1595
7543
2404
7955
3635
2703
8218
6095
8455
589
8139
832
8126
6751
5713
2143
3423
7177
4190
6351
2677
8767
5378
6865
5723
7410
2261
2027
5345
4300
5185
8141
1166
9572
6589
1946
999
3728
3338
9449
5845
9158
7020
5054
1119
4185
1414
3599
3700
8009
7847
9989
6147
8773
3103
4756
9769
7773
4664
2707
2314
7636
9731
4898
4728
3009
1009
30
3592
151
2057
2691
4054
3170
1822
8468
7217
6691
5347
2017
1081
9314
3234
1936
3594
7686
8098
8146
9338
8912
8847
5192
7998
6002
2483
5774
9347
6396
1611
3199
4883
5720
3650
5929
4554
7186
7676
9609
9131
4779
8669
5091
5325
3392
6579
9267
9921
1406
8036
9270
664
8203
4216
9763
950
7499
8034
4233
6472
9956
5818
7592
2851
4900
4095
4744
4342
6018
6301
2487
4780
1972
8347
619
9018
4934
1517
3929
3105
7908
7970
314
2949
2595
4174
5050
698
6619
9917
6637
2691
6404
5475
5151
349
6729
629
6686
4960
2345
7150
3999
1310
7211
7128
1095
8806
2027
1827
5
7287
8767
2791
5052
3619
1891
46
4927
6075
6869
9495
7684
7174
2222
1141
1053
7275
9972
3693
9156
7276
556
3564
7661
2996
3173
1308
5653
6465
6584
3028
7108
1677
1572
9954
1303
5844
8027
8845
5744
7677
4507
9469
4054
4425
8772
8696
7811
4629
2379
2441
3925
9244
4886
3179
3201
8290
3765
8753
9900
7039
4891
2824
4799
9829
9693
2989
755
9663
52
1742
5709
6890
6501
6892
9723
6051
3632
3452
1619
2665
6172
1636
9402
6374
5291
7558
6471
7193
1533
573
565
9006
6799
1740
4767
7521
5996
8788
3187
5480
6322
3465
2930
6709
6126
894
8803
8953
6012
9636
6399
7345
7016
3537
1828
5157
9100
1723
7705
644
424
3281
7737
5048
5273
9326
9157
4036
7853
4277
2973
9307
4413
6927
7481
5498
8220
5261
4588
3645
7595
5955
8591
7354
2731
4232
454
5094
6695
1310
1918
4853
8408
3981
806
3872
9237
8512
8985
4285
7905
7332
5889
9899
2894
7691
93
415
4878
9891
6294
1345
459
9874
5371
6650
1865
4390
8329
5551
9583
8983
1258
6982
4217
6044
9727
9637
9696
9507
9561
4153
8951
7092
4313
3513
3338
6060
5733
5178
1726
7344
8043
1933
1136
731
3863
8459
5730
5895
7140
2730
181
2990
2287
9759
5169
7865
5716
9327
5521
6018
6320
776
9387
5866
6399
1886
2311
3122
9215
5081
837
2041
9378
5749
4689
4630
4698
1695
1770
9475
5765
6531
6574
7874
8
3514
1729
7595
2153
7501
199
3952
6335
9357
8059
4061
4580
8894
649
7642
9042
4419
7770
9159
5648
660
5102
2419
4860
90
1760
4431
6976
9063
6805
3498
3254
6449
9044
719
6284
8062
783
1527
6447
8354
5352
6293
4251
1008
852
9590
7292
839
7680
4830
505
2260
5487
6841
1682
2839
317
5673
5122
5308
5349
3678
4846
5162
6889
9187
622
8037
8952
6997
6538
986
5174
989
2304
3452
4783
3976
1034
3503
4922
3236
122
1687
955
6520
5515
5425
3342
1861
7726
4407
7102
4366
9619
836
6474
5773
7930
1331
1289
5303
9640
7535
1119
1664
4066
9039
5309
1
3264
319
8065
9642
2485
6654
2564
6059
7502
2443
950
7772
4509
7532
2561
1496
2284
8603
1413
4045
9934
1169
2794
3840
2890
3833
3613
1140
2374
1792
2077
950
2944
7769
7278
8388
4452
6703
1612
7358
7631
9894
6500
8740
7517
1986
7618
6708
1467
9448
6232
2088
4404
4578
3489
3765
8117
7363
4808
194
6218
827
1195
347
9967
5829
6506
8251
9526
5074
8350
3208
5793
870
3028
1297
9792
4596
4783
9547
5830
5221
5170
1538
8499
8274
5761
588
8807
6647
9743
1186
487
4847
685
1288
2875
4077
7412
6115
5001
7833
8598
5792
4928
4310
4618
8128
5886
2095
5097
133
4243
5704
6253
7983
7297
5326
9224
1844
9846
7430
6673
9645
1474
9844
6019
7989
1710
7404
1293
9408
3813
5641
1899
8924
3263
2331
8594
662
4732
3852
6906
1533
5706
5704
4988
9074
3105
2263
4004
328
7753
1428
1465
1144
8213
5459
1076
332
3520
4207
8470
9641
9420
8999
165
6778
8611
9095
1656
480
4913
2374
5275
6110
3038
8689
2948
72
9538
4587
4403
9121
3840
3451
2063
3671
1231
5469
3370
6132
4969
3897
6685
9731
6468
9545
4462
3692
6472
8894
1801
5816
7586
1007
9747
8182
5905
2447
4878
9503
7127
8045
3470
12
9913
1181
1688
5859
4400
586
3433
237
4209
4539
4792
6455
406
8952
1714
8006
5123
7920
2211
6862
5819
7532
1372
444
8276
8206
2511
5541
3174
8264
7715
9977
7466
3067
9854
957
4062
8448
1544
8496
1651
9765
2504
1654
6925
3185
3723
9849
2140
3025
7885
5961
8111
112
8155
6028
5539
8498
8574
5592
2080
3527
3167
1023
2228
5063
1699
7757
8972
4774
2183
8205
9328
6481
6034
9125
5908
3792
5487
8091
1227
6040
9659
7139
8371
6938
397
6335
3561
5138
5529
2750
6230
78
2555
9517
5414
9362
6182
4388
2162
3945
5579
9876
8854
9192
6618
3383
4782
495
5071
7606
9412
4088
2650
8639
6851
9436
6051
5276
8653
445
4310
438
1063
4061
8837
2542
4354
2770
9973
4944
2240
3367
4703
7806
5602
659
5227
4151
8730
4447
9712
9267
5915
558
6969
5196
1795
8031
1474
8886
5131
3652
7448
3052
9090
7260
6591
3631
9789
3123
7934
1161
4000
685
1134
7294
1111
4340
1975
9248
2127
7408
2409
7656
2443
7342
5342
3222
1962
3140
8337
8896
6838
7786
4093
6822
2876
4705
8454
198
5213
4533
6269
1404
6645
4098
8640
7056
3644
220
1317
1884
4341
8580
8946
504
2900
854
7670
6292
2623
4626
4652
986
1225
2918
9334
3990
2032
3106
9018
9062
1898
3751
3997
1448
5571
2698
4216
883
7376
346
6970
1955
5087
8929
1119
3059
4568
7978
1526
653
1047
8977
3533
4459
4334
4392
3860
9906
4581
8315
6746
9352
7604
5705
898
9677
1174
7901
488
3085
882
2440
6157
6197
2227
866
7023
6131
7008
395
3425
6584
5702
7263
337
6049
8315
5726
3655
2268
6652
2136
1410
5677
4830
4451
1584
8251
8024
9862
1496
4559
8519
476
8528
1646
9237
3316
5751
9015
6808
8820
9317
2975
3487
7107
2635
3775
1932
1356
4287
6886
2705
2552
7170
2573
2300
9354
339
1135
6983
7604
2923
4685
8188
441
2904
9879
8502
8295
7038
1933
3995
2560
535
6466
2665
2083
8498
6089
6834
7890
4770
7932
8385
8077
5208
1863
9085
2064
1459
1365
4171
6067
5857
8878
1706
5827
1201
4437
7228
2386
2109
1878
254
5912
8707
6004
2731
4531
1800
7140
4452
8310
8595
9763
1998
2079
6522
3617
6587
6056
7100
246
1594
5936
7964
4743
2637
5385
3175
4138
7818
9080
5340
1311
5299
8849
4130
8518
116
7769
3536
9556
8817
2103
3322
222
9056
7894
1815
6751
2807
8924
8942
1044
8579
465
7476
579
4545
5091
1576
2783
587
8515
6843
1
3215
6658
1488
9376
3962
9772
7319
4420
4774
1271
1076
884
9383
4849
2331
3740
3651
3547
4173
1254
1123
2939
6133
4024
1988
302
8023
9871
5981
6476
3068
6979
4135
9689
1743
1740
2332
9507
328
2609
7334
7277
3113
8582
4026
6574
7410
8538
7478
7379
5508
6202
3008
3205
3040
1887
6695
3646
7231
6601
6898
4149
3132
2461
2063
2249
4705
1177
5481
3627
1575
1429
1378
2792
7264
5826
2286
7374
1694
7238
2573
4168
6049
284
638
6382
9549
4542
2514
8789
3633
8201
6134
5841
1957
3288
9432
6940
6392
3847
6736
7093
5178
4154
8612
9574
6768
7910
8376
6998
2306
7942
652
1101
7526
5761
8180
6390
1793
4840
480
4089
4248
8547
9016
1516
5148
8876
2384
4669
6664
1789
3471
7406
1222
3566
4207
7134
6908
6329
7497
8455
3043
1959
2689
8104
6749
9345
5008
2342
4762
8449
1029
3788
8056
3512
5327
7621
3627
9716
217
6530
8012
8143
6128
3423
4697
8610
6787
6876
1304
1429
1368
949
2059
173
8804
4647
1821
5520
6376
9263
7448
7508
5884
9688
3789
2715
6757
3968
3832
5603
5994
2190
2610
3052
4339
6051
2840
8703
3590
3953
3675
9407
9373
38
2502
8207
2020
3752
7308
1826
7764
9928
1817
1629
660
4263
6369
3888
6076
7511
8791
3035
836
2977
3773
4966
2876
4968
781
6678
4965
3018
8623
5981
8748
2199
8347
2138
8714
2041
3607
3358
5090
9700
2275
1832
3497
3750
9523
9558
8874
952
4623
2540
8080
7405
2068
8473
2276
4091
2892
4178
4359
4807
965
9167
4524
9796
2525
9831
6263
7208
8180
8401
8109
6813
1732
9140
3169
397
2692
3986
3176
623
1453
2940
3214
3080
1117
8749
5346
3016
4006
9994
5484
6365
2034
4690
5761
7640
4196
2221
1506
3550
2602
1384
8694
4679
8145
6352
3036
9604
743
4040
9390
3007
5593
7140
5397
2329
3969
2359
3085
4309
9770
9004
2706
6985
5701
244
2546
2361
9278
5724
8510
4234
2447
2226
7321
3021
5637
3542
3349
7507
8451
8603
308
9944
6991
8500
1368
3821
1216
8916
3374
7206
43
3070
2177
6944
2080
6534
6644
1961
6921
2405
6190
7596
4528
7049
9215
501
990
6932
6074
2479
4491
2430
9749
4001
5416
2659
2707
4264
5859
5751
9548
3629
8021
9641
8528
6640
2
7663
9898
993
8633
6372
8659
4661
8054
5930
9931
8980
9654
1670
7524
2364
7530
6944
384
811
3876
7578
24
1539
8218
7531
8178
9395
4591
6071
1255
3495
2482
3075
1045
3362
9081
6416
3242
2828
5909
6
3813
1180
3940
8532
7794
7737
8551
4073
9982
9189
307
8573
5700
8862
1311
4544
9641
3939
4472
4155
1858
8015
9845
4457
2201
6578
7483
7343
4727
8933
9459
1657
1491
9238
9218
7418
2754
5982
2653
6781
3015
5594
6249
2133
8269
748
3460
666
8351
6206
3276
9775
5604
1205
7408
533
4038
1754
2947
3841
67
9047
4613
562
2404
6769
9392
435
5194
5847
96
7542
1026
6028
2345
5568
6147
4896
897
1391
4455
905
4472
6554
3097
7425
2516
2450
4805
3720
950
8638
8821
5430
7315
7473
3847
3088
4760
2085
9896
6778
6098
5608
6963
9842
5550
1774
4823
9988
6216
5999
9728
9329
2032
6585
2717
6664
4929
7548
6661
4299
4171
3101
7053
3840
3013
6238
350
6203
1059
3036
6170
7677
7107
1745
7992
2162
9875
8585
2352
6226
9070
3681
1778
9210
1385
6091
494
5779
2301
5742
6874
9176
4818
1426
1509
4590
8935
2508
8624
6780
6541
725
8093
7944
638
5627
3877
4712
9134
9434
2471
8512
1134
5556
4143
2922
5475
9156
4387
4836
6569
4228
8828
3473
1478
7987
1614
5816
2188
7689
2478
7756
7428
6786
9885
2950
6737
2725
2137
3539
9551
8143
575
8128
8358
9739
6821
6357
3139
858
3320
508
8722
6355
7180
1361
1410
794
7768
7653
7263
9940
6017
2478
4493
3643
2485
7295
1446
4686
439
8373
9677
9773
250
8214
3920
9843
1728
10
88
9397
4489
4880
3789
2786
499
3644
3187
5388
7350
1861
2738
393
8993
2489
157
6560
9892
7695
182
1591
1667
2168
2410
1379
9021
3300
7825
2460
5938
7769
1932
1
7109
8024
8760
2218
8675
6795
8036
1474
3420
4486
9741
5396
1854
8378
7431
6148
6118
4120
8722
1005
2084
9248
3813
5434
3143
2592
6746
1859
5876
1136
9017
902
303
7104
4880
5675
2464
8053
5013
2584
5671
5854
131
7325
4775
1078
4907
4793
121
9192
388
6583
1249
1063
1225
8647
9336
5650
6034
2186
5259
7356
1902
5953
2320
5044
9823
8811
4108
3745
7980
5732
8665
3438
3280
5958
9471
2530
1986
5737
5215
2388
6890
6029
9990
2740
1693
9972
441
1047
919
6537
1026
4239
9769
7366
6448
762
4767
9427
9497
9797
4123
7492
7788
3581
6619
5196
2172
1240
5841
4224
9146
704
1556
349
1567
9880
7907
5894
2714
9925
5834
4212
7099
5933
8610
1667
7457
7000
487
3958
5845
766
8635
6344
1389
9178
5847
9766
3636
7545
4003
3791
8365
6227
618
5203
6240
3383
1597
5372
2732
7614
3899
5648
4577
1094
7381
7708
3043
3205
8154
8450
523
3796
9281
4434
3588
5045
5998
4242
4157
3269
7397
6661
6563
4687
1570
2180
4088
9421
1522
4783
7038
119
5735
5345
8157
333
6275
3370
9487
1515
8384
9792
3073
2616
9122
8063
2668
5616
3846
7926
7805
7976
5121
1216
9040
3603
8140
1658
1556
644
9361
8656
4886
8666
8336
4529
1737
7071
9100
2322
4558
6091
4406
593
9851
5575
1583
9616
4051
6094
9102
921
603
3215
2355
5860
1790
2887
2474
8353
2119
6095
6486
7117
3210
7120
8675
8481
8762
9160
4451
5267
8416
3759
7794
3377
6617
7581
1707
4317
5255
4194
7942
2442
3540
4551
3408
7322
7106
5217
3334
5310
5638
1346
1965
8585
996
2478
8010
5553
5111
6042
6867
2405
2369
3181
586
4967
7249
2896
3326
5586
8071
2358
4371
7398
6678
7368
1622
5258
2497
2904
4099
469
8381
9682
843
7653
8991
6502
3873
9051
9353
4551
3521
2071
4339
9536
7176
746
7148
4388
4301
821
8480
7933
5840
7322
790
8231
1078
1366
1769
2683
2738
2971
3951
905
2485
9492
8989
7236
1522
4125
2918
6401
8052
7223
5104
627
2888
18
9946
8108
4068
1081
1476
8392
5716
8387
7521
9140
9968
8023
1751
8160
2051
5687
3149
4050
3674
3862
162
7396
7750
5656
9439
2685
5050
8997
8294
2616
1865
854
7453
8296
5434
5936
4435
784
7996
9019
3758
5260
3593
5228
7734
3750
3487
2429
8242
5994
2215
7811
4981
466
527
8896
9803
190
5672
8342
760
9306
5117
7256
2027
8839
8155
7342
5171
4034
9305
1569
1791
9625
143
6527
7154
9705
6601
8288
3652
9250
8441
4420
5385
5065
1138
6516
635
2151
8727
1846
2266
1784
3637
6644
6692
4028
2804
5013
1656
4057
8278
7373
9223
8186
1316
927
4720
8366
6960
2875
7717
5034
1290
8011
8547
4505
9276
8774
9143
7568
2727
3482
8694
9964
9197
2889
8876
3862
7775
5132
3274
1875
9585
6190
5751
6659
574
9585
1278
4196
4333
4883
1114
1053
1640
8267
251
178
2389
192
6062
3265
7998
1306
9487
4671
5299
6835
487
8054
6686
1978
8153
729
6292
1732
6123
367
616
3432
4974
7469
6489
5003
5844
9261
9344
3338
2341
2041
9251
3400
2280
9898
2076
6576
5193
5093
2675
9506
5001
4490
5653
4487
3974
8233
4524
6292
6974
4880
5488
7758
5472
929
2491
1986
3060
7059
6495
1742
1575
312
993
1245
1696
2851
1222
3722
3046
4978
575
5980
2827
3208
3194
3703
405
1163
5408
3903
736
3089
4914
9016
5478
489
3875
8429
930
1014
3804
8168
144
6527
5044
9066
9690
5620
5538
1860
6389
5278
3906
5964
4028
6903
4534
956
9783
1505
9946
610
4962
9084
7242
2272
4056
1476
9670
8511
7067
7518
1744
1022
7660
6981
1896
7167
7112
750
1324
7016
5142
8833
3211
207
8794
319
9881
6200
3101
995
6908
5235
4378
5261
9592
2291
63
2039
9227
1993
9926
3080
9809
4661
9440
343
8651
9484
3903
4485
5705
5019
6335
25
7093
2092
9338
2374
1699
639
3346
9331
174
8089
337
5338
7827
1965
8001
6468
5002
6467
4512
2827
256
6306
2219
3479
5880
8222
3034
3486
4470
5656
9647
7045
4812
6920
8528
3772
9694
2945
5113
3819
6841
4706
9283
571
7074
567
2250
9625
563
1493
269
2575
7087
1545
2032
5695
9481
3293
907
6570
2672
685
9589
4015
4832
4102
3709
5269
7143
2557
630
5538
6468
6528
6124
8862
9666
2541
4977
2389
580
6899
3832
663
7309
4413
4529
645
6227
2555
6616
4818
6597
2501
6101
209
5661
337
3525
6321
2942
197
5135
3402
121
3905
7354
928
5018
114
1166
6781
5190
6880
7879
4701
6024
8391
3024
9347
2139
3640
346
2346
5601
7273
8222
2748
7818
6568
9408
6414
1126
8429
3381
3312
2327
5562
2533
6405
4242
1959
4651
7505
6857
8730
1358
8851
6388
1708
6142
2435
5711
9722
6021
5365
8188
314
9813
8568
35
8174
6349
9229
6793
6935
9991
8369
8305
4646
927
6474
8624
4697
7847
8535
7885
3405
5818
8144
9769
4848
7193
1945
6427
5044
851
4016
8769
2042
3255
7991
2816
8065
4394
2772
4693
4428
7248
1304
5471
4813
8900
7465
8705
8894
9455
4871
7360
8988
9226
8409
6013
3069
3271
3367
7649
281
8990
6013
3564
6643
9367
1893
3445
7959
2454
2445
6828
6216
8032
1224
510
4595
6339
7640
1260
1042
7104
9835
8899
3402
9362
7695
4214
2838
5689
4085
5819
3816
9876
8643
6387
1946
5303
4022
9062
8121
7421
1258
7839
1936
5406
8460
1464
1051
6737
8273
7874
7491
9583
244
5658
998
5685
3584
5279
3400
2204
5367
2744
3928
5973
65
9354
7751
6327
6051
9429
1304
5001
1190
470
3485
2184
7043
3977
7164
7154
1743
8901
7665
2426
4718
82
3422
7910
9471
5872
4253
5279
8798
200
8790
442
3717
5801
6723
2251
4930
6853
3842
6429
9960
6627
6282
9831
407
2224
7250
9954
9608
3405
1882
1560
3351
2620
8823
1537
3725
2988
8836
1756
536
9578
835
6210
5327
4468
905
1080
2259
2662
2128
9691
9782
8169
6963
7500
8455
6732
8302
7501
3061
7148
8439
6874
1354
6052
4223
1770
3188
7532
1271
3778
4192
1503
6825
7481
3427
9938
2621
5535
8216
6259
279
6702
3959
9861
3823
259
2645
796
6487
8304
9509
8940
2059
1369
6756
6893
6006
5439
9485
3134
4762
295
2622
8415
9764
7924
5367
2806
9557
26
6293
9230
2701
2817
1081
8954
4956
4097
2039
8209
5621
492
9204
5007
3022
1716
5446
1993
599
4672
4317
104
8754
1538
1900
3216
7353
2534
768
1868
8226
1101
1003
933
7305
206
7593
657
6843
4545
5089
672
6237
8209
1020
1148
9523
1921
9054
6190
5105
1204
974
3114
1759
9932
8768
8262
1325
7171
4472
2282
5836
5685
957
5591
3291
2547
7675
1471
6972
6750
5228
5171
3504
1357
4924
1813
4614
805
7098
9637
2728
467
871
8096
8249
1547
3004
4969
8432
1896
627
9888
2652
8541
2822
3630
2365
7644
3378
3928
2790
6181
6965
4489
3200
5337
517
276
3222
5955
7685
8730
9574
7884
9713
4866
6588
2912
3324
7727
5807
4627
6253
6011
3404
9098
7244
2470
9868
3546
474
2630
1776
4957
3365
4802
6776
2607
4336
1838
4930
7872
2310
4873
5701
5693
8922
6316
8748
3732
9377
8084
8382
1071
1316
6470
408
404
9629
7135
1336
1973
8090
196
422
1215
1936
7867
1542
6509
1188
7269
7186
6213
1310
222
1172
4146
8085
8541
8882
8544
6811
9740
8196
125
3686
5117
9270
376
4086
2125
9576
5016
1101
8
3128
4430
9468
745
5171
930
4540
4435
2926
9701
9600
2356
3614
9351
8770
6119
4421
6003
1224
8503
5999
4538
767
6964
8171
5078
6649
2304
4312
5643
3521
4731
2825
8371
1637
4318
129
4418
5971
829
1884
2728
2291
3413
7259
6153
1999
3476
8384
9368
7415
6167
4572
9348
1438
3813
6287
1980
4139
902
655
1231
1096
7134
1034
7313
7174
2529
1213
6175
338
3004
1007
2844
8732
8647
4859
2737
8685
9973
8424
3998
3173
9737
6471
8736
2655
1173
2475
1739
4091
2803
6025
9494
7660
1061
1798
6130
2110
3760
8332
9495
9227
4085
432
9886
3899
5191
8079
2952
8066
9730
4063
9211
9744
9356
2278
1333
9290
6993
4705
3078
5539
5990
6066
9755
780
64
8257
2749
3411
8868
3812
4223
5722
9748
5566
3630
2041
3369
9210
227
159
2287
1055
3353
3855
3153
7312
4000
716
6939
3065
7956
1704
5887
8881
4113
3721
8751
8995
9461
6757
4708
6070
7072
4123
2040
281
2705
7034
9751
9620
1305
5849
4400
8854
3938
571
5634
8294
1678
1667
516
668
7572
9471
4156
5323
7238
509
6889
4520
72
3870
5807
9895
3078
2588
1840
7628
1111
2883
1929
5813
2668
7945
2329
4501
5762
9958
4597
8740
1437
3047
9594
6426
9577
9124
6193
2435
8923
5204
8545
3824
4689
9690
2892
405
3134
7179
1177
7304
985
8404
6012
4185
6115
3135
8297
1972
1963
7907
4483
4997
7252
496
1595
4016
2957
4757
6982
6719
4134
8822
2167
3561
214
9658
4882
8500
6545
3147
6675
4537
7745
4940
8435
2549
9439
2779
3985
646
8248
4096
2661
7248
7632
873
8857
7983
8671
1570
9297
903
8997
2866
2397
5870
9968
2065
8963
7187
1328
1810
2937
1256
707
637
5884
4953
5752
3632
9751
5772
3546
4480
2109
1060
6261
9811
8474
8719
6067
4637
2021
5363
6564
5143
1819
5828
7491
1288
1242
3944
769
9716
9788
247
4228
5819
547
3150
1811
980
7638
4988
2489
5170
2841
4076
8626
9666
269
9014
6386
9981
2525
2553
7763
8572
5599
1245
8672
3699
4971
8168
4852
8835
4632
3594
3903
1781
602
6997
7535
6819
8956
2833
2960
719
9390
4445
3419
1004
7627
5414
1328
431
638
5342
9967
306
7106
2726
4441
5954
9850
1426
3483
3443
5078
2265
2590
7189
1105
9632
8045
2286
7668
7120
2065
6471
5808
7486
5172
6413
9472
7828
195
8416
2270
3235
1314
3508
5467
4554
9911
5169
1856
6880
2048
5511
1960
1263
1919
9105
6184
2916
4811
8147
486
1268
7896
9256
2940
8810
4697
6611
7733
2576
1713
4546
4829
745
8831
4964
6028
4056
5750
6494
1678
6315
3169
8882
913
14
8357
9469
3547
5762
9476
216
4460
4137
3005
7647
3284
9141
9356
1385
7949
7752
852
2572
3497
1710
7201
5145
5645
4733
2780
6891
1915
1026
7321
5560
6796
4239
9213
1683
2446
2405
5226
4050
7536
667
6714
6249
6621
2810
1490
542
332
1252
4697
285
3269
1519
2486
3926
4464
9506
3031
86
5241
988
2721
9771
7628
8621
1246
4231
6353
8868
9222
7311
553
8967
7062
7345
2401
5846
3441
3726
5307
5738
2317
6805
3184
6971
6379
7685
1723
2976
3968
8257
6148
5777
5888
2855
9180
6072
5500
6583
1465
179
6606
3743
4224
6508
9398
7106
7923
5185
7247
6560
279
1814
8820
294
8603
5534
3699
6076
8431
7625
6437
9802
2808
6432
4575
4472
260
8698
3348
2580
1861
7934
8157
6987
1181
8691
6684
3283
4010
8701
8440
2458
3932
2879
7092
7161
2427
9712
4117
1622
948
2849
1687
9384
1941
5230
9805
3041
4883
8676
937
9629
2200
3981
4376
7650
8820
4884
109
6769
3962
3136
5928
5171
8250
996
6596
7728
2687
1955
5390
6237
9106
6600
6576
4994
7843
4378
9653
6468
65
3341
1300
6369
143
8299
9280
6179
1555
2190
8473
2244
820
2953
8288
7227
9299
886
5293
7060
2774
2094
2574
8465
7014
8496
6396
8760
990
7696
8051
608
5528
417
5802
8041
7962
841
9220
9606
7820
8909
829
8666
1477
9518
3943
9631
2292
5878
8262
5620
1632
487
9498
814
4460
6457
6327
8081
2827
8024
2399
4542
1394
3183
1182
2678
2299
7271
2533
5305
3379
6456
2326
5867
9588
6350
9019
1670
8531
214
5889
851
3018
6205
503
6411
3773
1570
2147
4518
2460
652
1206
6801
7615
7991
9303
1402
3781
8526
9432
4269
449
504
4677
3762
2977
4742
4762
6026
9618
1523
9045
4322
386
5986
960
3430
2476
4873
3343
4176
15
8109
9256
4962
7344
9999
8461
6481
1182
2318
7654
986
1451
4984
4436
5968
9486
9297
790
9143
573
2696
8787
3223
1354
7412
2874
7124
3859
1970
7959
6019
8766
8373
9478
5072
863
6221
5152
9007
8920
5537
8236
9810
1262
9003
6899
9238
2292
3486
7296
9707
5978
6343
5442
9166
2446
3317
5794
4537
9802
6753
8649
2862
4526
7884
1347
7420
7734
9358
7861
5492
8304
9769
5828
943
4595
938
2706
4155
6797
4573
1877
720
3253
9975
7885
511
102
5669
5295
2925
3682
9897
7782
6346
8950
5488
6037
1826
4858
2966
6666
373
261
5176
5123
5406
7537
1605
8381
3261
1503
4969
3512
309
3608
2693
3402
1044
4150
2817
254
6306
9792
9601
1432
9681
1572
3730
9484
7662
4069
8797
6955
2032
4156
8070
3305
6670
9951
8388
7909
8611
3324
6204
4614
859
3860
4159
9038
1406
9753
1820
1257
4912
2786
9899
4691
3021
3852
7307
3566
7004
4319
3479
8725
973
9659
854
5320
3248
1890
5819
2296
2445
467
6224
2457
7280
1795
4924
9245
5807
5595
8211
5474
5737
641
4828
9168
3929
3926
5646
5372
7815
6006
550
8606
2400
4642
791
5988
4422
1969
4263
8966
2457
8301
8580
6870
1913
3954
1919
3140
6076
1592
827
822
7674
9640
271
2937
6460
3011
8650
8640
2804
9608
3907
8155
493
2816
5567
9564
3693
6436
8540
3752
5944
89
3127
5770
5922
4969
5915
1950
4412
9163
6790
3014
6816
2643
5461
7989
3903
1834
4142
2540
6007
2730
7564
7856
916
8619
6585
3124
7635
5962
6776
1652
1306
557
8808
1603
1462
7872
4799
1188
2196
4873
8887
6883
3461
3759
2263
1495
9549
1078
4772
4219
6335
2515
6705
6813
4375
9542
2856
6597
5565
9000
8053
9189
5601
1845
6299
799
334
4160
2475
65
4730
7690
603
4638
6961
3687
3058
5885
7524
6949
7610
117
6252
3547
7200
9089
3088
6990
6656
4856
1955
3774
5691
7459
5537
9584
2602
8538
4732
5460
9356
4564
752
6019
6040
6110
586
9666
7476
8770
7626
2833
9741
446
3063
5344
5511
6162
2835
4656
9168
5844
7341
8536
6968
7125
8826
1942
4218
7487
6949
8292
4472
8499
7344
2757
2339
4458
1481
1815
229
3125
5387
1576
9602
2630
2411
6733
2138
1509
6341
6120
1852
3902
9616
5889
5380
4529
7889
6111
5613
8896
2873
5353
3451
7875
2532
5205
8755
2918
9305
8274
2448
5316
1873
8120
8334
8878
8692
3971
4566
6152
2425
6452
8792
8024
3386
7358
6573
4639
4412
8376
8482
5352
3512
2283
2692
1658
6063
3653
5877
3791
5490
1978
8943
2227
363
7987
9359
3191
6665
4289
7432
7717
9204
4932
3164
164
2505
4844
2885
5563
1715
58
6139
3969
806
6626
4173
7410
1762
9998
5842
6770
2980
4440
4558
4976
3973
2326
5549
8400
1188
5776
9751
8924
4338
2041
7651
9880
1601
8228
7125
5231
8430
8447
823
1922
9733
4869
7154
2209
2740
8379
4406
1
9196
5288
5293
486
8557
5498
6731
214
8337
3093
139
6863
4339
9093
2091
1490
2842
2961
811
110
9148
1253
933
7349
8383
4592
1817
6076
6893
7504
2213
7337
6869
1181
667
3391
6639
8891
2019
2392
4557
7167
3454
8385
5543
3629
2536
6521
3569
4976
9229
3837
4381
3735
3537
9192
2127
8087
8140
705
6148
160
4116
1265
7397
6209
2315
849
7530
1459
2608
7207
5526
2285
8394
9458
4013
7091
5801
5969
72
6781
2017
6290
4400
4810
1399
3882
864
7794
7398
4377
9956
1460
5271
2887
7955
8499
5667
7571
7866
8881
6706
7931
1693
357
5773
1198
8197
1397
4603
7365
4456
7612
5892
5783
9649
6206
6221
5802
8831
6260
7572
7687
5560
5388
9150
3647
3508
3051
1612
4028
5104
931
8987
3735
4075
7098
219
5084
8376
7241
4414
3293
6661
3792
2267
8424
4025
7328
4720
9543
48
5310
5959
3596
3204
7156
8161
88
2978
5558
9111
8152
806
6692
4481
9306
2265
695
6187
5092
3780
1880
4989
4566
3021
7824
6446
9677
555
5456
620
1821
8816
812
2916
5118
3251
4441
7268
2510
1110
5477
8621
741
7527
905
3402
3132
8867
5419
9906
6030
6977
9706
4681
3677
932
7026
4972
9774
3998
4547
8757
4839
7685
5600
6600
9776
1864
6077
1918
4869
3943
8185
7088
7252
4759
2328
611
8984
8961
1042
5051
1330
5714
411
3368
2074
9082
11
8510
962
3508
5211
3942
8345
6643
7502
6651
170
1810
9139
4548
5587
9985
4070
9516
5886
5751
6381
169
1063
1653
530
5526
4469
4046
486
7315
9526
9977
1965
8736
1868
4848
6886
1805
965
6213
2186
4803
9583
1510
5810
4425
9151
5355
5314
5545
2234
2865
7010
2376
9837
503
7642
9428
4228
9971
3739
3170
2936
2890
4489
5360
9049
3278
6254
6765
410
5943
961
5193
3540
2357
5781
1889
7023
6152
506
1015
7214
9072
5345
2473
3212
3918
3821
7953
6725
1823
4882
2203
5643
4522
3801
694
4078
8206
2137
140
8794
3994
8903
5839
3764
8229
2558
4730
2223
6999
4505
9051
5193
1738
4751
1066
127
1240
6417
2599
8485
499
3969
484
819
2651
7947
1724
892
1509
6941
7231
2669
6808
9025
5475
7297
3626
8379
9018
7565
1783
1713
1756
2125
972
2610
8922
7320
5014
2296
9157
2750
6923
2585
719
261
6089
624
9185
5648
7793
3476
5543
984
6528
6919
9298
7719
128
2538
3621
8572
7508
8798
4382
6020
4693
8027
7953
2722
2433
2255
3534
2257
6370
9886
9043
1043
725
907
7550
3949
8254
387
26
5167
2701
6472
4200
1393
5043
8267
138
1710
3756
8812
6432
3714
6461
2885
6633
9204
2099
2472
3837
4800
9179
3949
2860
1681
8745
1671
5900
1805
1137
1770
582
3561
4047
8523
1352
6521
7407
4597
8842
1595
5158
5677
1241
3179
9348
8223
4245
9260
8818
4574
3665
8400
5243
3742
8371
3332
7050
1328
7354
6234
8391
2149
9325
4840
5815
3732
7936
1222
2744
4338
5322
332
2997
8392
6891
2766
6680
3252
2432
460
4220
1518
2000
4157
2610
1694
3769
7835
6370
5595
631
5132
4144
7801
7504
5414
8182
6844
7382
9313
9911
3670
4181
8940
8177
9704
2711
435
4989
4441
2124
483
3837
4838
1451
9439
3172
9852
7215
3991
350
19
2224
8751
7422
6546
4456
5682
9214
5109
208
8745
6123
4717
8434
3613
9239
8670
8887
263
8197
863
97
1732
2350
5934
788
9548
8305
3954
6651
6797
9041
440
2142
1403
4761
2891
7319
4154
3798
5170
3897
8225
1038
4461
2675
2799
2835
1964
8345
2345
1904
5628
6905
701
9853
3547
567
7047
4427
5213
4019
9434
9610
9238
9647
6178
7498
7821
5098
2916
5937
6319
2669
61
875
5093
288
6055
5286
3568
9812
9015
8980
1004
3086
7423
2558
2248
5096
5577
3555
8369
1998
4794
7943
7498
1215
5168
7287
9741
829
6498
7464
5761
3231
28
2728
7988
8407
3414
8092
9272
1116
9236
7174
3455
2925
4460
23
7547
7788
6249
4785
5288
5070
7185
3978
8473
5697
5161
9767
383
3622
4741
5311
1720
801
9487
9051
373
5737
7995
6043
1763
1611
9704
2103
699
8977
2808
3425
6838
9555
946
710
3876
5890
7046
1951
8914
2227
7247
2195
4206
8223
3220
4923
2147
5440
8305
5156
7599
7480
7156
1656
8837
3208
4628
91
1705
5381
4441
6306
5816
3259
6109
6561
4454
4690
9690
7502
2961
5066
7846
9023
5633
5032
5113
5730
8000
815
3790
7236
4940
3302
4416
3226
6255
6801
2488
1506
5391
1345
5603
2720
9164
1864
3349
9554
960
2067
812
3991
826
1920
8118
8813
745
525
4153
3854
6403
3534
3395
4167
8838
8066
3176
4071
5996
5179
4411
8243
6116
9295
28
3031
3348
5066
2128
847
356
7697
9420
6336
9375
1157
7071
4717
5134
4393
3473
1201
7257
7586
7544
1958
4243
423
2875
7107
4416
954
3250
1926
2804
8200
6303
5611
7951
2444
578
5243
5622
7016
6221
912
1644
9210
9691
925
8533
983
466
1568
2022
3733
2445
158
5455
2062
6251
5743
1148
1372
2245
6694
5908
4384
9303
6189
8067
9581
6057
9340
5243
3765
4939
4465
9892
5939
5810
4743
7248
7617
6475
1836
8264
561
8848
8107
488
3551
3672
1457
3074
2904
8884
6767
1067
3213
7534
1828
4138
2833
7554
4626
2603
9813
6237
9074
3256
406
4295
8617
1195
8316
6855
9642
379
648
4702
7216
1942
6335
517
1422
3266
3922
6961
8985
2965
8615
6596
8889
6709
2848
6386
4044
3320
1105
1100
5902
2276
4272
137
1453
1949
5656
6243
2613
689
7177
1719
6843
7026
4482
5946
8839
1383
1911
3951
3016
9292
781
6947
4780
9479
2955
6751
9393
1097
2275
1870
3886
7838
2021
2078
1196
3197
6012
5495
3020
6243
6686
3626
3842
4944
9228
2714
8757
8323
3514
5624
5105
9711
4107
4541
7852
8833
3837
919
5036
8956
2909
4488
528
6733
3007
3491
4842
6032
47
2662
8924
5001
6243
1038
247
4608
3519
8597
3743
6632
5993
9030
9196
4905
5679
163
3849
6525
2798
5190
9785
415
8612
5980
3945
9853
7462
1137
7615
6770
5105
6582
3239
8304
9802
1350
1357
943
4621
7136
4196
6092
5085
6454
8612
2764
6691
9386
7701
8417
5665
8715
5884
3738
6495
4613
8060
8691
4309
9801
4544
6999
4868
4539
3830
8203
5807
944
1913
3690
9124
7185
1705
9599
7203
2012
2834
9569
7897
8497
1465
6769
1956
7035
3045
9178
5211
4725
4390
5902
5290
5899
2921
9903
7058
246
5753
7473
249
9618
5711
556
1152
6754
913
2747
8922
6707
8568
3827
6917
2119
5925
3931
5461
1835
6654
8803
7328
9067
574
6388
8690
1924
8607
8287
7557
7162
9186
1690
689
7342
4032
4787
7619
5567
9792
6607
1952
1579
7258
452
143
176
9518
1310
9148
9577
6018
3485
4611
5788
1056
2330
1279
7656
119
283
2246
3845
718
8297
698
7314
4277
1868
4149
773
6142
8010
8123
1157
7595
5080
4189
6912
5915
9016
1171
641
9928
4287
6303
9476
7034
6159
6813
1169
3323
8911
2096
390
8766
5573
2426
635
3709
9664
2351
6967
7420
5724
9899
6060
3483
6259
7575
2819
4362
3286
8162
6852
6359
7948
9612
7893
2370
61
1595
6805
1815
2238
5428
2298
5589
851
8479
3294
4363
2648
3021
1478
6075
6410
6486
755
8708
2325
7508
3297
1008
5018
9103
4065
4531
8296
4743
9224
1259
6262
3923
7423
2033
4349
7964
3430
9511
5379
5008
6701
645
7835
3036
2413
915
7035
2322
1610
7259
6362
1091
7266
4353
3623
8298
6624
9204
4843
7220
2425
6664
5587
3633
3905
7467
5019
5105
914
3696
1852
4330
9894
9055
4920
8119
2779
1181
9755
6137
8320
3678
6659
2481
6151
4288
144
4803
3795
4228
2108
8067
9531
7898
5849
1144
3486
3809
4602
4708
3790
829
4244
481
8821
6427
7264
1338
1937
4739
93
6150
5849
2213
4195
4095
2354
3373
5133
2315
4165
6368
5981
276
8342
1659
1452
9681
5817
8321
1514
4450
7719
2121
1464
8742
1047
8981
7397
2372
1319
8730
4226
4955
6379
7239
4232
8557
7285
9548
9164
5796
9607
4449
2918
5099
9607
8820
2624
5796
863
9052
4332
6172
5
9011
7257
7579
2476
1298
3548
9696
85
5140
6158
3381
2855
8557
5486
3457
6026
1536
5497
3833
8827
3048
2195
3099
9633
9427
5286
9146
9779
6691
7456
3736
9863
5741
5337
9228
7446
3687
4889
6718
3368
6582
7157
5258
2621
6824
8337
1900
6346
9974
1788
6799
3303
618
19
9862
5672
3723
431
2291
1351
844
6522
4560
6301
5321
6778
135
6719
9978
733
5795
698
9354
8857
4099
1942
989
8992
9644
3819
9211
5102
3698
740
4509
3901
1584
9362
154
2087
4007
2288
4397
3219
6296
6413
7711
8918
370
9014
1704
175
5991
8826
5848
3324
2219
4745
5765
9896
7219
9212
8295
4648
4495
759
3441
321
2466
5586
1045
1001
4145
8279
9403
1728
9192
7142
542
5214
7098
2239
8687
7366
8273
1717
1955
8534
4345
9538
6809
2050
4072
6207
7639
3031
3554
7196
6706
1378
2291
4011
3770
5893
4654
1366
5109
8345
2246
8215
5442
9790
6557
7794
7825
5857
9533
4529
8694
5742
4624
7957
6981
755
2269
474
578
4781
4829
8324
9736
8063
6571
386
8689
9569
128
354
3307
5853
9223
7361
8042
997
6396
3630
2002
2334
1876
1827
6538
3204
6181
1224
1043
7642
913
7742
6777
7998
9329
8957
7235
6113
4633
6773
4207
8858
5189
8638
8886
1306
9828
7650
3339
2809
6629
7886
4950
4179
5393
4739
2723
5173
7491
2984
3614
2380
9256
7767
5608
1414
816
6916
3165
9393
2870
3690
2130
8456
2928
1198
8903
4437
3474
7263
9282
2107
3174
1887
3083
9873
9273
559
5563
6992
620
839
7290
4819
4821
1478
5428
186
8165
2333
3086
6769
4998
8762
5053
3851
6296
8071
8951
1818
785
9428
4657
6392
5296
671
5809
4866
5499
2780
7013
5372
629
5443
5253
3918
912
7865
1909
9792
3506
7384
5516
1794
8181
5030
10
8899
4532
1768
3784
7793
7961
7498
8936
9672
4602
5239
9957
6604
9900
7179
4510
9753
856
2155
7989
1050
7050
4762
6477
9419
4613
9203
3139
4623
1578
7930
7952
6523
7334
3703
5361
6601
2188
2237
5317
421
1158
9804
8571
8461
6331
7981
1669
911
528
5925
5096
4201
8210
3772
3869
855
4766
717
7207
4247
6600
7420
3121
7503
7559
3513
7647
9795
3277
7912
6980
3182
2060
3667
5696
6307
4596
2193
4103
589
2491
1468
3951
1290
2464
8496
2560
9769
3814
7316
8900
4701
9194
5551
6826
9346
8247
6588
4003
5207
8844
7308
4592
4465
8996
3777
6536
2950
6800
3580
9936
9638
5335
401
1352
100
5421
9353
7067
6681
811
7392
2180
7996
7254
6961
8547
5108
2178
6693
6190
9756
6572
8911
9684
7835
6117
4024
8198
8963
6587
2713
6104
442
1504
4652
2742
3941
7374
6053
4254
3863
8188
3425
9096
3015
2481
72
3506
7939
8456
5384
6356
9792
6483
4604
3506
3881
2517
7104
3148
4291
6320
3554
4057
4212
5699
5664
438
9076
1177
6886
7286
1025
3554
3121
7591
5205
6609
5913
8938
2622
5768
2339
5934
7852
8641
7657
9186
3180
9247
8594
74
9488
7259
68
2542
2139
3897
2564
7934
6184
7935
8155
1294
1592
2956
2772
2219
1935
6785
8093
9035
4608
3685
6536
3887
6302
5886
2343
8708
3806
7303
7752
7392
6941
8870
4452
7809
1502
4054
9569
7774
6916
2596
2697
4978
1941
3274
1949
9512
3368
5895
2311
6358
4929
8806
3608
7597
525
3365
3232
2289
1271
1681
5151
5276
7747
5626
8439
263
7089
1185
377
4610
6498
6521
8083
7015
673
5562
5808
3211
2824
5464
2563
5519
8115
8859
7722
2760
5763
2580
6731
6781
4216
3036
4666
8428
7752
319
6425
8414
2229
8547
5731
1144
9712
3538
4199
6064
4814
250
5781
8183
8419
5997
3391
6376
4093
5242
4856
9865
1142
5877
8310
7085
366
6022
4127
8549
8068
18
773
5221
2119
1686
6754
5013
779
2773
6597
2916
1155
8823
9966
7476
6604
3655
3768
410
7834
7243
5156
6983
4768
4728
5722
8358
4244
7536
2589
2474
4157
4662
9021
1077
8011
9701
7997
3206
157
4734
9093
7279
8102
4856
4787
1618
3458
640
1964
594
5716
7546
6823
1349
5012
8156
9495
6514
5332
1522
3031
4278
7257
4197
4176
8766
1603
2359
4129
986
4896
7489
3785
9910
9301
7213
1991
7497
7842
7121
6446
2427
4458
2418
8744
6500
5317
843
7876
3949
8533
472
5051
6362
8118
6469
5185
7127
4419
4874
457
4848
8971
3813
7745
6097
7574
6503
3685
4573
4028
1255
3615
3135
1796
8043
2494
9134
7139
3524
603
3033
9951
9122
8316
8092
8596
3358
114
1725
9386
9346
4100
9420
8030
7819
2953
3460
4973
9313
8524
8938
8736
1096
3673
4980
1681
460
9064
5412
4633
6100
8059
5229
4179
8939
8662
4118
2537
9210
1319
8581
4075
3351
2054
4523
1246
3943
378
5763
3057
6702
8748
1481
940
1090
9526
9049
5952
2708
9617
2220
1565
2915
9634
9024
34
9923
4501
8662
6786
1500
7600
9428
3261
7008
2177
3811
490
1168
9436
3008
6165
8722
2984
1876
1978
232
658
1484
110
8515
2275
2663
8927
6720
9493
834
6820
9109
1859
361
8510
6729
895
2460
4735
3524
9301
4821
5686
3147
3152
9370
8152
1481
9496
1226
8359
8575
8005
9333
9010
2384
3877
4440
6770
9704
1295
9628
9615
5128
3163
8048
1513
828
4689
7212
6334
4319
8643
3294
5577
16
3737
9093
8864
669
5265
3616
1667
6219
7130
8257
1698
1365
2065
1014
6726
3072
5072
7442
1383
2671
6059
5220
2521
724
2902
2367
2233
8579
1662
789
1751
208
7387
5191
3091
5501
1714
2708
1808
3878
5074
9386
4312
5564
1619
9762
6060
5082
3526
917
5565
4686
1489
5287
6954
2257
4553
5157
764
5421
5388
9361
4584
5099
9729
4316
3848
6700
387
8616
9870
15
1966
5236
550
3368
3178
4706
7117
1980
6472
5415
2631
7588
9650
869
4197
8068
2201
4239
1401
4603
3566
2788
9478
4890
4109
7566
3862
3103
6841
49
7624
3826
3193
7225
2299
7729
9087
9605
9885
4970
1073
958
9688
7621
8950
842
4121
7195
8843
981
4495
4513
1107
4419
6666
3824
7546
480
3857
5917
3625
9991
8657
7276
1265
1296
8110
9637
5853
8503
5305
3691
7282
8543
6542
4655
916
7507
790
6380
3173
3068
6624
1483
4864
5264
9221
6480
8461
1398
7240
1415
9975
6186
1633
5865
7688
1403
4931
7950
1891
2744
3686
1506
3019
933
8926
6744
3951
9456
4432
4310
8546
5633
9469
737
206
7880
4637
6868
8921
7436
9068
3531
4383
4659
7777
9943
7049
9971
5389
5526
691
2019
1018
1261
8151
6177
4689
3762
9535
6534
2780
6046
8841
6202
9640
8730
2705
3079
1726
1898
6710
8196
5137
8709
3479
4548
2998
9971
1930
2298
8111
8867
5552
4057
4419
6228
6365
3439
5168
4562
5658
69
3401
2556
1886
3304
4949
1585
7070
2941
2870
1653
5756
3514
3965
6607
7683
5776
1134
5773
9914
5224
4776
2750
6225
8089
5001
2112
7977
9242
464
2488
2551
6733
1282
9159
2602
8081
1180
3846
7048
260
8382
5244
261
2203
5847
4597
2323
5283
7283
3009
4737
1866
6602
4119
9753
3393
4313
1910
6972
1800
275
866
5349
8761
3767
943
4566
385
2630
5306
3395
5347
7312
4848
7540
9407
6419
7644
4969
6151
6850
4755
3442
532
2722
1444
7683
4994
2928
8629
8767
4525
404
3821
7368
6871
3235
6122
2618
6933
6185
6869
4549
3501
2130
7191
9955
2717
3192
9112
9627
3942
9028
968
9485
7056
8482
4296
9858
4219
2532
2171
2901
6101
9516
7573
7291
5347
8625
981
6723
797
49
6841
8450
3099
5558
4634
3062
7964
6722
672
7807
2785
8510
7094
5166
4202
2990
2634
3421
8648
1044
800
5876
3931
5601
1656
6722
7041
301
7414
9759
3972
1235
9594
2882
1867
3074
6521
6814
3521
5187
4873
5232
381
2363
7149
2409
4175
4828
3297
2952
3228
1978
7849
1307
2220
6265
8936
4529
8336
4934
6466
8497
2295
4548
7578
6704
1398
2001
837
6190
7273
4363
1065
5189
2850
5406
9553
5967
2014
8945
7089
5870
893
2330
7782
2056
3436
2602