7326 135 209
277
518
503
666
305
939
971
452
828
116
895
442
9
447
325
413
561
902
297
114
226
11
280
638
893
563
496
670
175
741
433
845
634
462
873
613
878
92
978
294
864
588
603
463
910
517
224
122
93
753
281
548
908
604
414
149
571
790
928
419
86
361
252
817
165
750
595
101
774
406
462
808
93
804
796
596
362
496
656
631
857
289
813
325
609
293
577
700
104
679
373
465
781
219
295
629
715
586
764
699
184
609
756
812
338
24
371
360
405
385
295
387
188
148
394
728
63
429
40
695
111
960
816
245
295
479
627
797
55
322
388
117
422
612
370
371
160
359
587
128
972
362
141
373
56
30
181
922
415
880
355
652
524
564
418
370
154
171
212
24
636
333
194
164
49
830
440
466
364
466
150
244
581
670
783
604
972
33
894
205
171
979
935
719
356
28
505
319
97
541
305
600
360
172
541
550
742
205
910
543
681
118
869
143
88
638
938
40
195
973
103
635
316
476
937
966
48
625
951
646
660
657
272
3
920
458
100
905
958
747
415
503
529
276
646
299
57
721
762
648
703
610
588
430
393
505
888
608
155
122
577
66
569
276
984
763
68
677
828
437
670
213
157
718
981
485
681
865
451
162
304
793
849
301
628
960
279
354
926
772
298
100
207
544
375
757
740
281
441
379
236
646
410
451
360
768
771
252
161
293
254
469
324
764
232
634
847
951
312
579
805
631
857
896
605
781
980
876
91
105
988
587
377
1000
430
125
647
763
387
491
909
904
907
462
746
218
659
249
702
170
935
508
868
542
253
551
206
89
600
278
398
860
393
220
268
246
472
359
243
762
242
768
210
513
364
735
825
306
449
982
867
713
418
82
228
789
43
894
212
528
790
936
884
281
716
121
982
517
383
88
316
325
847
161
408
358
603
151
555
424
908
407
739
569
922
233
645
613
784
941
275
743
697
156
355
559
986
724
637
563
605
714
255
602
278
214
479
626
743
441
469
892
873
742
643
813
137
606
231
992
532
40
307
516
363
434
230
223
163
571
773
352
488
908
407
618
495
352
38
390
34
125
400
4
337
189
25
999
203
61
382
724
633
724
991
855
751
71
886
671
223
996
79
910
480
917
550
375
337
256
118
619
380
782
505
208
128
143
181
89
127
536
229
975
638
775
546
248
450
512
850
212
89
552
673
60
455
922
590
108
752
983
765
564
830
738
234
864
541
119
285
833
420
410
135
317
797
238
844
589
53
73
278
887
880
238
530
819
337
67
109
44
919
763
840
651
606
856
127
445
897
915
978
382
690
447
89
844
282
475
177
251
536
265
557
763
41
631
187
175
754
941
855
775
929
165
797
777
723
296
7
657
501
243
590
987
2
211
792
466
836
661
313
704
945
21
540
366
309
348
725
835
462
761
493
842
769
409
589
213
286
295
15
549
329
241
654
583
752
54
961
985
618
331
328
793
609
946
630
695
906
449
134
635
258
957
240
377
835
677
386
127
777
659
123
802
705
692
69
845
532
486
357
135
227
860
133
601
26
605
435
56
549
609
777
191
604
780
825
304
573
253
716
636
974
474
990
184
248
603
569
893
73
668
55
135
463
473
880
920
264
27
301
330
614
1000
160
833
663
353
466
525
560
46
362
673
282
12
807
857
906
788
31
12
436
882
415
136
286
462
61
360
186
661
921
251
63
36
39
364
42
522
810
529
618
93
420
628
404
441
380
168
268
295
335
538
682
192
837
888
427
251
829
355
824
840
588
337
230
684
928
940
807
587
229
86
75
576
26
902
91
45
99
543
593
947
411
175
340
425
200
772
462
341
972
594
597
699
461
550
4
481
74
433
575
393
182
990
888
581
774
337
572
578
156
28
177
24
44
190
470
300
735
164
704
82
367
537
482
554
138
587
634
198
476
350
874
842
805
314
990
399
519
121
809
569
951
345
407
183
432
943
285
439
910
362
447
853
327
917
649
779
832
33
573
57
978
173
714
777
261
26
715
702
733
9
202
656
256
220
441
431
410
872
580
479
859
369
8
211
544
267
883
200
191
798
202
283
845
569
594
621
526
118
256
305
318
818
106
855
391
41
728
576
899
179
682
219
354
949
301
55
356
287
304
346
988
642
746
608
870
770
193
870
239
860
615
208
321
589
9
774
696
113
133
447
127
266
835
143
772
715
423
648
371
8
957
316
944
215
326
712
715
549
690
881
918
808
341
621
590
499
507
655
797
224
979
21
199
589
718
215
371
729
126
950
591
677
635
148
490
44
374
539
143
654
232
590
258
665
309
682
43
384
72
203
14
176
333
412
912
589
313
332
787
509
155
16
104
674
666
304
41
659
379
153
9
593
788
840
189
615
621
862
504
435
912
263
629
986
610
562
392
423
584
775
19
573
521
424
471
186
133
87
863
878
79
655
752
656
98
128
366
8
607
663
917
351
453
810
146
764
155
110
841
959
257
219
854
535
864
552
56
171
344
965
537
409
867
683
499
112
932
310
965
828
286
855
231
474
553
107
536
63
303
710
397
795
610
837
183
547
970
430
591
832
725
29
442
551
877
487
839
609
583
697
976
523
56
25
443
621
814
569
505
548
41
896
196
109
556
843
629
472
631
66
357
34
250
964
961
30
240
364
116
644
781
615
811
287
293
715
62
192
905
529
45
763
577
969
615
523
333
286
393
84
20
227
921
779
161
549
57
127
618
252
441
856
928
647
710
809
631
385
808
326
462
151
778
373
720
741
714
346
63
642
407
559
990
915
784
955
993
472
624
417
414
588
367
627
145
166
432
867
541
121
569
315
98
202
938
454
789
944
854
142
404
27
197
106
336
222
521
126
670
801
724
363
524
36
633
320
810
679
18
591
68
828
364
878
791
931
926
45
430
384
996
183
212
834
168
4
536
968
758
863
206
446
893
742
215
239
773
802
434
817
185
336
291
748
698
386
763
679
822
572
833
232
846
890
352
503
81
188
98
546
963
191
609
579
985
863
843
8
136
769
599
1000
724
31
303
933
482
41
836
265
626
486
933
743
725
807
54
284
170
152
37
724
362
851
94
253
667
546
791
395
38
153
414
469
190
306
558
715
24
692
827
748
613
447
982
661
149
143
717
696
201
332
279
555
796
1
310
411
656
827
738
928
104
395
650
811
901
639
674
332
779
55
624
593
900
473
122
757
829
599
301
601
421
96
335
783
608
256
257
249
469
704
994
657
724
670
762
469
704
173
822
397
155
361
448
957
246
702
971
128
817
329
382
226
739
373
72
204
384
555
773
217
882
962
7
771
266
697
228
180
759
637
830
659
576
929
171
639
915
272
917
183
183
225
440
110
25
72
552
31
715
797
708
63
309
326
769
365
636
405
855
881
91
34
631
150
200
773
438
448
104
442
996
319
616
731
988
954
434
533
3
121
25
647
357
948
377
833
725
384
501
947
813
302
749
994
306
506
481
598
711
911
310
63
843
350
361
219
897
886
353
505
74
548
175
685
589
167
506
879
756
454
659
985
676
901
172
390
856
909
326
775
427
972
834
554
728
263
669
659
657
371
772
588
545
103
909
934
585
978
452
630
100
541
497
235
642
606
236
839
135
791
274
905
105
76
60
954
535
590
25
393
542
406
119
872
338
782
866
295
745
177
755
246
159
693
422
846
823
882
139
726
467
521
474
50
829
78
626
206
226
95
206
11
395
292
58
765
874
793
128
479
161
829
295
699
911
927
394
529
665
740
432
851
231
600
498
706
701
610
293
556
876
261
472
340
130
647
498
408
103
154
608
611
451
663
390
871
185
793
100
916
839
737
847
860
802
866
171
330
829
132
898
800
30
419
75
821
940
723
667
552
905
672
984
292
116
744
605
310
10
863
587
127
997
119
626
969
756
673
325
302
442
829
766
371
909
968
948
493
777
535
140
621
208
188
799
639
534
439
499
325
287
719
30
366
252
599
369
363
270
269
788
453
315
622
137
247
923
289
821
280
609
217
132
405
552
138
44
81
355
616
72
129
85
376
548
964
808
477
826
264
498
211
832
320
692
426
44
422
970
940
291
846
269
335
708
66
728
671
869
264
575
279
161
594
228
376
743
518
283
136
809
482
523
532
656
581
803
534
622
995
338
698
882
847
710
855
359
919
664
591
781
309
61
40
885
808
416
187
672
589
486
202
392
413
297
731
845
659
703
691
391
408
239
49
64
991
672
122
937
87
724
674
136
387
963
221
324
240
63
28
648
461
870
75
874
706
853
224
700
31
274
57
825
918
943
206
199
458
811
142
812
393
429
106
415
447
810
405
90
837
437
517
213
669
148
918
473
468
423
765
7
410
550
836
15
687
901
956
933
883
271
793
764
273
283
582
988
538
560
551
81
869
679
498
406
650
681
876
584
781
417
611
199
636
916
824
69
666
705
640
423
550
754
145
306
462
193
990
962
37
838
261
886
102
966
140
540
441
703
486
793
933
792
986
933
731
447
173
44
792
897
261
754
110
954
383
635
85
583
878
562
241
280
58
578
901
714
474
933
758
613
933
364
369
877
595
860
255
852
758
902
750
978
986
518
956
43
492
67
530
19
66
50
274
580
771
334
692
240
562
832
274
843
470
851
342
668
203
985
129
913
450
529
638
828
42
425
972
189
586
916
247
719
666
148
520
968
488
157
963
983
387
280
150
282
492
214
501
21
832
323
422
317
472
935
530
89
4
936
543
506
790
907
567
58
493
158
429
830
612
714
550
57
66
45
72
389
6
474
695
60
325
662
363
443
823
983
947
527
506
685
89
848
714
406
588
221
939
737
973
819
821
748
399
686
827
494
414
920
582
331
420
763
946
694
425
190
194
523
464
166
11
611
276
234
101
448
526
571
259
268
208
37
549
746
350
666
109
992
359
39
74
644
261
867
444
726
344
865
518
675
730
308
613
773
477
295
118
439
715
804
752
943
326
871
473
844
558
400
304
913
125
493
498
387
772
264
885
11
252
764
613
242
937
966
722
537
534
920
545
520
885
561
616
692
66
385
593
773
221
206
937
247
520
716
443
631
804
170
70
206
832
16
722
86
177
483
165
575
504
193
486
43
527
24
939
934
654
238
655
345
571
685
432
796
51
320
660
818
276
769
559
46
414
573
214
740
107
30
382
80
139
112
7
915
784
518
378
359
44
18
693
352
824
772
53
333
898
806
788
196
315
626
642
803
100
625
746
953
499
960
668
47
840
389
94
14
179
5
81
8
411
589
466
708
481
494
948
477
918
423
22
587
827
485
512
964
800
672
815
820
147
230
950
39
382
642
733
922
685
374
187
310
933
908
418
68
608
44
457
988
969
735
434
153
29
29
512
316
948
262
630
399
429
938
215
772
773
82
284
936
153
474
71
2
544
679
842
401
624
610
94
581
740
815
683
314
34
871
903
850
599
998
353
781
951
312
449
512
456
197
962
607
204
186
493
869
243
273
889
597
703
342
248
588
207
290
462
404
329
931
903
407
880
634
649
711
585
576
844
290
626
507
755
685
44
144
874
983
491
56
428
852
491
378
959
392
47
529
752
160
666
531
240
491
134
825
601
500
786
653
551
784
815
493
986
589
445
826
225
793
582
32
336
590
56
461
495
263
420
640
649
271
127
442
244
667
817
14
212
749
215
276
804
74
935
382
59
507
177
695
741
264
232
599
222
964
639
806
237
201
727
941
618
139
789
474
965
818
189
35
343
384
508
41
254
1000
827
400
1000
107
448
57
150
254
723
512
657
806
851
821
306
798
809
632
855
620
570
19
346
189
603
783
872
355
296
5
952
20
264
130
60
919
478
161
132
622
984
633
671
440
377
720
682
505
390
638
157
796
872
471
569
682
881
912
881
547
500
776
917
185
624
101
453
538
399
405
970
599
469
463
921
171
719
147
20
88
66
947
912
717
796
216
903
560
19
948
128
591
456
612
602
273
506
33
79
690
639
537
689
447
846
937
221
480
238
69
632
689
569
164
98
48
701
658
668
654
347
587
858
89
278
495
68
841
730
321
756
806
370
555
231
519
467
941
908
11
334
29
574
644
792
232
262
594
754
134
669
236
976
99
848
213
283
423
223
989
85
657
688
45
634
130
132
616
295
777
765
407
920
74
245
735
80
999
306
937
631
577
250
181
40
117
597
820
996
193
142
309
559
730
569
170
467
649
155
166
234
223
688
335
132
441
8
602
382
319
32
832
743
541
873
115
750
237
755
476
674
434
404
483
134
774
448
231
580
789
815
232
846
42
396
581
901
8
287
892
623
546
420
542
634
512
877
4
174
913
569
516
642
456
172
543
998
898
946
764
537
65
981
790
137
473
89
931
192
666
907
136
980
720
484
631
824
822
332
247
641
192
576
158
118
370
843
980
520
675
713
671
269
123
157
370
248
882
100
944
9
966
772
408
217
456
448
671
47
674
300
372
664
860
579
623
480
386
138
49
951
676
240
554
775
860
527
131
705
864
395
233
351
772
42
748
145
736
532
423
652
878
924
774
892
343
32
359
593
602
519
579
579
460
806
563
30
935
489
651
239
374
10
726
668
883
105
77
157
347
227
48
900
663
604
545
787
573
55
640
496
533
609
407
554
855
968
45
509
996
597
887
337
577
579
390
582
543
770
403
175
721
983
905
296
588
816
271
864
953
781
428
891
985
709
969
576
188
349
469
781
53
323
470
304
297
164
646
345
628
354
6
42
744
602
545
619
232
321
979
577
985
638
706
82
361
807
312
405
300
599
350
519
663
791
60
581
284
83
434
786
55
160
30
928
994
494
443
492
312
63
243
928
335
632
429
840
819
107
108
25
725
861
108
990
461
452
444
146
688
103
134
508
215
254
88
56
441
268
73
147
360
797
530
849
469
237
441
369
894
574
810
748
160
975
18
198
787
883
679
380
210
513
117
78
532
327
821
196
200
902
998
863
956
505
448
557
585
896
919
787
118
879
830
683
53
101
608
441
387
860
837
912
378
823
390
33
829
78
685
655
214
158
131
955
228
380
406
139
86
645
297
59
718
169
791
355
973
240
431
551
658
880
816
537
977
808
684
4
41
976
332
886
270
589
980
311
38
48
774
727
232
796
351
793
128
723
900
858
659
159
86
556
143
897
742
432
125
210
37
146
80
677
199
185
428
779
762
661
966
663
239
785
945
249
174
435
472
182
476
346
222
857
926
52
582
158
125
298
760
311
884
527
162
701
163
594
195
695
827
846
443
669
889
953
583
444
916
396
532
165
878
541
509
142
175
921
196
772
593
176
51
856
9
267
795
837
524
868
698
201
22
688
19
468
121
837
440
309
475
452
826
494
411
946
647
904
628
154
845
666
942
791
998
871
671
226
722
354
107
640
2
832
486
739
499
901
523
943
29
86
608
374
539
421
727
297
921
867
140
733
965
240
926
946
607
286
1000
502
687
585
951
503
497
62
684
385
823
560
573
418
718
596
352
383
654
287
565
125
68
305
700
760
264
960
551
297
768
221
131
289
21
7
357
372
357
66
891
760
525
833
248
182
806
193
551
251
962
223
360
406
952
245
628
574
226
528
798
983
333
3
390
350
644
288
813
347
627
971
802
373
352
457
511
393
776
296
48
496
229
166
439
292
707
69
448
153
497
616
432
920
267
573
331
373
552
783
800
913
864
768
547
846
990
533
762
744
159
100
947
530
904
505
216
873
935
322
354
248
289
128
560
490
936
266
193
685
410
297
779
196
197
416
382
69
710
845
511
32
784
947
486
107
626
402
707
81
906
718
481
607
182
386
489
509
276
656
372
384
513
576
776
30
282
198
966
327
14
783
540
875
135
886
210
10
260
452
507
488
897
378
156
983
155
731
308
871
81
422
335
113
952
418
892
46
609
673
535
829
834
454
769
253
337
199
600
373
782
132
384
314
298
558
255
408
37
946
915
781
580
660
881
958
358
967
338
434
650
237
888
455
451
777
396
271
674
613
186
280
477
614
161
688
869
968
992
42
543
354
36
429
364
590
800
168
897
165
157
38
22
893
459
407
708
199
54
900
533
938
461
705
863
249
548
447
910
410
40
711
443
152
234
967
837
681
847
855
623
261
413
109
498
983
602
101
887
829
819
621
993
939
595
166
257
909
476
946
129
884
946
284
681
974
496
473
552
404
310
957
204
772
63
903
814
722
933
831
191
500
562
918
559
286
87
533
897
658
359
831
249
9
808
112
959
992
191
887
303
290
838
396
331
365
213
75
927
294
769
655
503
543
72
268
691
241
112
757
430
258
66
907
21
181
918
142
90
289
18
973
863
254
92
112
78
336
561
786
272
457
974
576
1
280
525
932
76
890
269
996
287
468
210
265
519
52
329
411
356
308
286
162
634
212
354
236
789
61
209
263
914
361
880
660
132
564
213
993
562
889
690
697
321
940
151
235
969
812
740
422
340
218
465
181
580
355
356
395
642
786
670
635
540
771
307
525
716
457
988
75
119
868
525
308
80
353
238
116
607
782
494
280
15
370
294
111
132
227
408
491
141
734
888
516
688
307
997
514
453
56
435
88
728
364
702
489
294
665
680
677
360
301
634
196
912
856
925
102
795
331
647
842
872
276
961
287
217
652
484
243
366
324
640
333
175
312
105
547
297
330
270
882
527
245
680
630
117
504
659
905
745
294
393
388
755
289
776
509
773
961
999
208
353
759
944
787
79
716
15
429
648
256
245
633
436
697
341
752
68
459
156
654
710
821
212
417
133
90
486
41
97
657
563
134
367
33
746
247
62
15
438
526
636
514
9
11
528
141
148
159
874
201
897
731
513
276
959
453
491
137
653
278
821
266
479
278
628
421
855
865
501
613
187
854
783
450
454
739
963
81
526
124
706
744
954
658
255
785
248
421
365
73
812
434
858
529
307
726
963
247
760
435
545
812
366
342
309
524
76
248
435
352
407
805
320
961
605
875
520
667
888
123
90
512
428
552
420
964
430
300
817
203
120
359
387
965
762
311
996
20
611
603
533
691
914
728
149
221
666
484
830
244
176
154
845
855
549
272
148
903
495
145
477
511
590
371
152
368
957
66
126
420
312
457
638
52
318
728
180
447
184
356
859
172
43
261
647
849
636
402
859
938
681
907
728
749
389
791
654
409
697
521
869
541
83
927
37
546
129
121
726
550
866
523
937
182
385
979
664
497
229
319
556
237
886
739
212
600
468
168
729
745
705
433
146
98
100
203
302
58
686
397
606
790
182
106
347
556
184
80
48
790
3
177
474
765
602
782
254
911
608
580
693
614
417
250
35
124
813
779
908
591
48
409
871
10
542
971
729
91
971
178
78
155
622
616
38
6
111
213
384
181
380
755
802
579
822
823
384
554
830
64
399
131
618
940
249
20
902
357
499
826
371
797
192
858
667
755
172
385
470
598
471
828
423
656
801
666
500
284
52
510
721
469
886
359
554
376
50
952
597
923
407
352
218
275
958
82
130
890
66
384
871
879
711
656
568
76
984
168
380
329
874
995
74
588
734
419
774
424
815
819
39
597
850
18
587
71
101
660
984
657
514
480
232
568
405
59
329
182
82
842
342
824
540
416
222
852
404
115
725
295
781
251
339
339
657
810
165
113
270
678
493
514
877
442
310
91
637
418
508
959
441
133
144
225
427
441
223
822
168
984
517
620
419
509
768
132
765
333
640
965
890
893
996
806
417
487
238
223
701
30
627
980
641
33
691
977
823
831
512
49
253
794
786
475
54
665
541
384
996
499
658
626
481
845
550
788
572
120
34
152
214
518
497
82
917
149
927
342
543
734
119
599
715
693
299
925
727
420
817
874
967
187
578
869
71
506
509
761
421
13
744
326
737
104
313
568
400
947
529
317
192
727
113
521
82
157
260
766
941
502
80
490
880
782
530
826
172
684
594
643
503
877
306
446
901
83
454
780
512
318
714
313
22
10
556
949
25
854
676
712
416
698
918
918
582
883
824
355
449
379
863
936
633
437
861
391
948
294
498
35
49
159
642
956
131
233
908
914
788
234
364
773
991
981
766
234
614
811
176
84
640
758
277
200
377
648
49
744
60
572
207
289
664
947
874
213
961
701
694
828
643
676
57
947
541
852
841
229
606
141
508
465
340
163
966
863
398
393
74
666
860
571
815
139
685
505
746
499
298
911
140
109
417
645
11
749
188
791
281
456
262
462
909
759
480
279
734
710
417
230
503
574
352
570
575
343
618
576
691
382
705
559
650
447
99
283
968
598
614
224
186
38
297
770
938
104
481
455
964
306
402
436
706
422
9
208
227
935
369
576
824
315
409
260
885
374
641
489
444
370
309
540
70
871
453
909
910
972
512
102
305
445
375
960
164
311
903
767
495
477
666
851
765
670
278
351
636
25
48
972
611
76
555
993
351
339
127
15
866
798
111
136
861
899
892
557
865
729
301
938
446
661
135
864
138
25
347
596
855
768
333
353
234
769
827
439
47
955
673
246
101
857
659
604
901
900
656
781
545
57
536
274
197
304
377
550
645
139
557
662
192
887
530
268
82
439
205
72
489
244
314
542
944
163
817
101
630
266
729
684
305
338
757
39
326
550
205
810
389
87
39
273
162
497
34
615
818
373
882
630
404
984
882
409
543
267
959
11
801
84
149
556
409
202
904
49
238
240
430
832
93
353
758
110
854
50
390
46
403
445
968
286
870
854
882
582
77
416
265
650
80
184
397
824
79
673
887
416
857
249
511
828
567
147
904
639
442
369
743
856
758
817
562
167
531
470
404
929
995
475
471
751
442
493
984
855
424
649
519
59
852
598
988
842
917
597
451
572
651
76
943
70
830
753
305
558
895
433
116
180
379
180
761
131
482
168
172
876
646
673
759
179
643
705
250
379
765
669
649
94
34
871
644
779
195
23
364
623
55
355
891
509
193
174
957
3
435
780
262
813
942
867
375
1000
765
213
241
786
89
219
679
234
388
665
247
612
226
359
488
51
944
36
398
463
288
805
541
603
301
503
84
639
423
194
294
794
94
491
528
31
658
825
16
364
691
906
39
534
676
664
710
435
899
882
583
199
388
446
399
576
359
449
413
631
632
841
43
222
808
989
516
87
27
915
474
367
12
986
380
288
33
433
86
733
792
859
770
535
481
868
878
14
198
46
542
980
835
997
691
436
489
361
491
871
513
490
518
650
360
195
368
966
119
144
686
590
946
957
936
866
925
31
297
603
240
561
202
454
863
643
182
781
224
847
748
40
228
316
248
416
584
881
89
473
145
96
756
376
502
158
955
739
852
959
896
433
466
457
79
68
116
97
175
179
372
177
10
530
124
606
404
11
924
54
125
859
251
319
819
677
676
546
185
42
22
912
713
570
304
414
290
246
634
505
787
248
305
139
770
839
789
242
466
300
774
407
172
811
574
120
541
564
193
183
256
761
504
791
255
932
825
305
397
540
415
816
863
612
346
127
354
600
242
414
540
432
987
487
281
751
764
41
360
189
222
267
972
563
990
518
622
653
341
16
577
361
238
109
523
876
458
124
380
255
363
982
205
878
969
244
278
104
29
435
774
166
483
925
706
324
896
275
606
208
973
174
654
583
790
205
944
366
226
914
837
554
501
455
413
143
85
156
246
269
758
952
571
136
997
17
138
18
50
519
419
130
122
645
156
186
308
255
158
142
551
389
817
792
961
748
156
654
771
931
403
776
477
669
679
226
751
719
541
235
508
781
409
629
217
940
86
578
192
693
341
756
989
278
855
13
411
115
404
330
949
408
880
986
254
240
637
272
754
699
705
607
994
104
257
835
1
311
966
449
243
111
644
763
404
975
308
772
853
247
676
285
24
112
429
942
922
938
428
253
933
677
227
288
647
970
266
772
993
802
580
435
949
540
538
734
510
260
373
157
8
516
737
760
199
730
810
133
368
572
824
606
996
585
153
812
650
444
806
865
182
475
68
924
977
180
426
697
50
691
496
86
995
554
260
374
489
139
886
731
453
295
703
47
26
60
204
753
438
367
586
166
757
610
769
863
175
679
858
649
785
400
937
253
761
431
38
255
98
956
299
6
490
279
21
616
440
814
272
289
781
822
492
708
852
446
666
590
205
958
530
852
231
182
67
589
889
977
401
511
739
123
175
338
993
100
161
680
369
333
263
998
240
829
39
596
450
580
968
632
34
444
532
275
52
567
140
342
877
723
954
829
327
688
150
68
999
282
560
737
797
994
370
15
579
188
628
644
307
921
31
672
475
432
756
551
912
445
748
714
607
434
51
955
998
758
755
633
913
309
419
970
192
638
912
914
800
161
322
561
340
596
232
80
106
715
87
722
465
992
25
176
808
440
846
697
468
1000
853
641
972
904
380
784
220
860
798
863
422
15
39
62
93
768
686
57
275
763
481
502
889
211
341
869
768
742
914
616
729
613
404
703
398
447
298
626
775
399
855
190
354
47
745
173
479
401
247
794
679
655
342
359
652
647
132
316
144
964
513
922
550
379
646
69
817
887
569
147
364
957
175
451
532
635
632
721
289
739
3
462
943
241
864
480
598
580
626
904
735
11
798
275
420
99
166
386
111
287
291
437
685
28
257
505
58
99
867
254
719
750
13
140
903
440
644
424
485
876
186
755
849
328
147
107
780
937
873
241
567
9
583
868
7
402
319
674
117
155
596
62
888
336
86
22
571
406
393
72
677
738
443
538
979
293
73
399
778
146
134
709
299
200
870
878
470
47
99
638
255
132
511
419
254
85
599
709
412
151
194
180
202
64
640
116
321
433
763
545
20
439
952
205
20
302
599
747
176
978
118
224
300
826
756
410
817
849
611
520
461
504
539
996
831
589
894
970
412
492
913
413
750
793
987
77
904
796
424
70
544
181
271
736
257
316
69
236
431
651
511
799
743
221
758
248
190
25
746
912
21
71
521
676
874
867
287
400
128
895
347
874
126
602
236
237
538
321
5
209
582
237
765
4
480
472
186
475
649
565
979
270
783
47
205
164
826
442
792
137
394
620
920
616
298
472
852
883
881
206
658
439
524
65
413
231
735
690
230
534
562
81
600
517
894
80
807
563
553
832
310
882
229
400
561
277
563
600
59
592
412
467
152
238
508
500
848
244
211
324
318
81
955
16
136
760
676
463
45
978
189
336
165
160
609
708
578
509
328
520
572
6
316
265
577
529
848
137
923
639
551
965
879
329
945
276
622
708
887
891
368
974
191
754
285
831
698
55
705
934
781
865
271
429
518
939
690
671
297
727
749
557
533
608
25
880
859
288
731
381
885
117
144
946
694
47
707
429
102
907
257
309
111
175
701
406
666
838
470
551
937
398
623
556
176
488
138
113
128
370
736
991
320
50
810
381
944
594
628
60
319
144
302
710
139
415
158
624
521
32
5
976
628
118
274
767
865
771
798
108
816
363
300
573
692
764
356
264
632
594
534
89
658
708
110
572
703
397
358
572
370
967
220
165
975
358
136
749
788
954
968
149
377
62
988
72
729
733
481
767
520
325
571
882
570
679
827
165
492
189
867
971
439
399
457
660
183
113
257
478
208
533
648
448
325
124
357
203
846
298
289
316
185
765
96
951
826
850
745
45
197
108
830
562
724
545
77
627
514
81
733
424
907
114
546
61
169
123
692
355
55
388
429
911
474
209
593
600
391
804
182
889
971
415
848
94
963
905
462
70
191
343
639
340
898
498
815
888
985
867
653
332
696
811
345
14
283
694
889
397
160
345
161
398
940
19
436
450
746
148
409
835
692
544
305
58
997
736
397
79
823
947
615
675
748
389
622
949
887
847
297
757
293
318
401
349
393
730
819
569
162
175
709
487
425
520
781
316
369
922
615
820
133
172
151
835
742
248
695
172
130
120
744
220
387
699
666
509
678
488
9
706
923
530
301
355
644
765
771
473
648
59
962
219
257
12
471
44
198
381
143
494
909
957
229
476
287
701
350
729
137
828
667
923
210
189
755
611
287
452
430
659
221
349
759
464
555
374
483
628
70
659
60
672
825
287
717
433
679
735
954
414
740
265
927
634
407
727
544
864
725
591
116
194
767
433
139
59
233
438
96
197
426
988
56
891
248
672
575
322
543
940
291
384
283
682
646
90
831
912
534
162
34
650
5
685
5
616
119
313
79
880
550
575
919
407
483
656
294
470
924
838
835
56
892
542
823
724
808
102
251
339
250
992
486
767
716
754
969
171
567
38
470
645
73
71
603
523
32
784
719
494
327
539
403
76
303
808
570
196
506
924
825
123
971
271
16
979
724
792
903
815
597
525
449
889
703
271
751
27
525
422
216
868
916
809
389
667
994
701
193
754
638
346
700
414
483
731
778
403
868
210
402
689
667
453
58
808
375
252
425
197
368
933
761
970
944
419
143
9
598
562
946
49
645
486
296
749
828
92
407
836
975
220
641
900
792
969
662
127
998
34
666
690
961
535
79
368
588
480
633
158
483
275
788
322
808
223
325
118
620
755
478
926
652
555
470
799
131
210
377
844
624
352
571
194
788
446
230
986
33
271
476
445
447
846
286
896
602
51
323
975
389
898
523
147
135
647
107
293
1
381
795
634
155
113
127
352
678
388
752
261
810
562
135
83
460
857
401
67
32
15
187
550
747
414
217
471
781
148
478
886
245
702
797
2
789
782
844
734
975
314
752
153
601
445
51
505
424
636
133
100
545
842
30
256
563
622
14
362
416
693
233
367
375
500
261
373
635
895
638
151
931
178
184
98
35
147
875
745
959
209
215
790
326
911
465
908
740
503
164
948
651
734
750
999
280
708
589
351
725
82
587
171
88
900
42
798
910
857
440
610
391
112
483
45
726
86
882
622
801
900
91
286
990
38
98
775
888
158
113
683
587
92
58
726
662
950
52
549
526
479
347
307
860
804
765
28
948
457
904
715
924
701
283
461
691
434
84
516
803
821
476
873
599
459
633
783
935
668
23
920
369
441
680
574
710
996
925
610
590
81
74
114
511
991
692
403
3
623
410
326
29
703
965
388
528
946
253
866
679
39
40
895
17
367
285
900
996
956
722
906
759
908
507
384
872
280
693
429
492
603
755
983
842
538
693
633
511
61
467
103
897
573
812
291
661
913
636
418
311
141
664
889
513
786
728
60
835
810
981
607
207
34
515
754
847
597
943
658
86
883
847
775
582
615
177
519
398
955
640
990
169
494
506
62
751
64
414
967
104
152
876
488
815
70
129
287
626
553
762
47
644
777
823
702
457
546
347
744
460
488
293
3
382
334
233
541
939
975
668
628
509
789
760
175
529
965
255
185
303
777
780
332
535
350
130
826
656
900
611
336
201
243
283
619
859
299
672
273
346
384
933
337
995
517
654
692
969
514
985
479
866
721
54
853
28
601
289
575
761
904
358
953
238
769
106
583
799
242
450
743
504
985
244
862
824
557
437
124
971
193
801
250
501
490
237
419
430
792
292
206
514
419
347
161
282
358
600
625
792
996
244
188
647
143
281
263
676
110
838
381
142
433
213
284
16
820
835
158
449
697
516
83
714
119
934
149
397
460
992
434
242
780
48
946
389
759
555
468
698
292
125
980
693
341
691
953
110
161
52
576
51
683
332
137
463
647
267
133
441
807
384
859
121
918
58
873
244
514
99
185
538
53
537
355
442
493
886
462
776
183
672
824
117
704
648
163
941
954
475
715
328
876
121
724
312
145
375
291
626
264
212
322
956
60
13
507
944
188
625
637
536
268
132
358
908
503
728
69
546
8
173
38
171
489
877
142
57
659
74
439
655
276
704
590
113
559
432
863
737
825
553
491
925
794
910
381
2
940
850
2
501
226
289
135
154
525
600
590
784
998
623
627
720
883
223
62
331
117
665
675
133
134
674
35
986
381
762
513
100
879
97
232
369
849
21
606
857
954
815
997
141
197
747
441
351
613
384
664
962
884
429
63
955
455
959
635
925
776
665
946
583
979
236
484
376
337
423
218
385
974
433
690
6
5
919
874
1000
630
315
762
928
554
939
883
827
874
815
987
366
214
958
533
644
906
377
965
962
208
509
993
593
36
208
550
849
761
571
723
85
525
60
639
430
430
100
904
756
618
517
326
380
567
403
917
50
485
894
210
338
938
964
320
605
469
685
133
216
613
817
168
519
928
633
811
797
697
920
966
250
655
325
323
159
481
71
440
151
954
499
927
20
508
310
879
305
483
615
13
248
172
407
603
474
32
580
114
319
940
812
278
412
926
577
300
629
392
715
229
473
231
146
678
133
351
349
141
811
696
68
858
138
342
458
710
267
877
539
1000
793
499
997
216
861
43
755
260
970
653
724
62
411
282
372
7
570
475
442
314
636
745
819
598
595
924
458
643
794
971
906
280
767
998
109
664
70
167
737
747
688
248
969
464
173
712
868
564
685
867
610
17
67
79
432
879
918
100
683
907
993
750
323
844
847
582
635
961
19
591
477
549
706
405
48
916
513
832
417
377
174
341
380
202
671
761
593
814
376
571
67
267
257
290
269
113
965
820
576
676
650
390
577
571
271
677
616
2
2
243
256
258
970
767
652
120
774
970
339
463
637
213
654
461
318
342
71
515
192
162
95
906
150
579
879
835
853
19
670
570
457
162
494
56
98
923
411
905
633
826
779
660
863
121
416
810
105
474